1 0 0 1 1 0 1 0 1 0 0 1 1 0 1 0 0 1 0 0 1 0 1 1 
0 1 1 0 1 0 1 0 1 0 1 0 0 1 0 1 1 0 1 1 0 0 1 0 
1 1 0 1 0 1 0 1 0 1 0 1 0 0 1 0 0 1 1 0 0 1 0 1 
1 0 0 1 0 1 1 0 1 1 0 0 1 0 0 1 1 0 0 1 1 0 1 0 
0 0 1 0 1 0 0 1 1 0 1 1 0 1 0 1 0 0 1 1 0 1 1 0 
0 1 1 0 0 1 1 0 0 1 0 1 1 0 1 0 1 1 0 0 1 0 0 1 
1 1 0 1 0 1 0 0 1 0 1 0 1 0 0 1 1 0 0 1 0 1 1 0 
0 0 1 0 1 0 0 1 1 0 1 1 0 1 1 0 0 1 1 0 1 1 0 0 
0 1 0 0 1 0 1 1 0 1 0 0 1 1 0 0 1 1 0 1 1 0 0 1 
1 0 0 1 0 1 1 0 0 1 0 0 1 0 1 1 0 0 1 1 0 0 1 1 
0 0 1 1 0 1 0 0 1 0 1 1 0 1 1 0 1 0 1 0 0 1 1 0 
0 1 0 0 1 0 1 1 0 0 1 0 1 1 0 0 1 1 0 1 1 0 0 1 
1 0 1 0 1 0 1 0 1 1 0 1 0 0 1 1 0 1 0 0 1 1 0 0 
1 0 1 1 0 1 0 1 0 1 1 0 1 0 0 1 0 0 1 1 0 0 1 0 
0 1 0 1 1 0 1 0 1 0 1 0 0 1 0 0 1 1 0 0 1 1 0 1 
0 1 0 0 1 1 0 1 0 1 0 1 1 0 1 1 0 0 1 1 0 1 0 0 
1 0 1 1 0 0 1 1 0 0 1 0 0 1 0 1 1 0 0 1 0 0 1 1 
0 1 1 0 0 1 0 0 1 0 0 1 0 1 1 0 0 1 1 0 1 1 0 1 
1 1 0 1 1 0 1 1 0 1 0 0 1 0 1 0 1 0 1 0 0 1 0 0 
1 0 1 0 1 0 0 1 0 0 1 1 0 1 0 1 0 1 0 1 0 0 1 1 
0 1 0 1 0 1 0 0 1 1 0 1 1 0 1 0 1 0 1 0 1 1 0 0 
0 1 0 1 0 1 1 0 0 1 1 0 0 1 0 0 1 0 1 1 0 0 1 1 
1 0 1 0 1 0 0 1 1 0 0 1 1 0 1 1 0 1 0 0 1 1 0 0 
1 0 1 0 0 1 0 1 0 1 1 0 0 1 0 1 0 1 0 0 1 0 1 1 
isOptimal = true
time_taken = 0.1238250732421875
