0 1 1 0 1 0 0 1 1 0 0 1 0 0 1 0 0 1 0 0 1 0 1 0 0 1 1 0 1 0 1 0 0 1 0 1 0 1 1 0 1 0 1 0 1 0 1 0 1 0 1 0 1 0 1 0 0 1 0 1 0 1 1 0 1 1 0 1 0 1 0 1 1 0 1 0 1 0 1 1 
1 1 0 1 1 0 1 0 1 1 0 1 0 1 0 0 1 0 1 1 0 0 1 1 0 1 1 0 0 1 0 0 1 0 1 0 1 0 1 0 0 1 0 0 1 0 0 1 0 1 0 1 1 0 0 1 1 0 1 0 1 1 0 1 1 0 1 0 0 1 0 0 1 1 0 0 1 0 0 1 
0 0 1 1 0 1 1 0 0 1 1 0 1 0 0 1 0 0 1 0 0 1 0 0 1 0 0 1 1 0 1 1 0 1 0 1 0 1 0 1 1 0 1 1 0 1 0 0 1 0 1 0 0 1 0 0 1 0 0 1 1 0 1 1 0 1 0 1 1 0 1 1 0 1 0 1 0 1 1 0 
0 1 1 0 1 1 0 1 1 0 0 1 0 1 1 0 0 1 0 0 1 0 0 1 0 0 1 1 0 1 0 0 1 0 1 0 1 1 0 0 1 1 0 1 0 0 1 0 1 0 1 1 0 0 1 1 0 1 1 0 0 1 1 0 0 1 1 0 1 1 0 0 1 0 1 0 0 1 0 1 
1 0 0 1 1 0 0 1 1 0 1 0 1 0 1 0 1 1 0 1 0 1 1 0 1 1 0 0 1 0 1 0 0 1 0 1 0 0 1 1 0 0 1 0 1 0 0 1 0 1 0 1 1 0 1 1 0 1 1 0 0 1 0 0 1 0 0 1 0 0 1 1 0 1 1 0 1 0 1 0 
1 1 0 1 0 1 1 0 0 1 0 0 1 1 0 1 0 0 1 0 0 1 0 0 1 0 0 1 0 1 0 1 0 1 0 0 1 0 0 1 0 1 0 0 1 1 0 1 1 0 1 0 0 1 0 0 1 0 0 1 1 0 1 1 0 1 1 0 0 1 1 0 1 1 0 1 1 0 1 1 
0 0 1 0 0 1 1 0 1 1 0 1 0 1 1 0 1 1 0 1 1 0 0 1 0 1 1 0 1 0 1 0 1 0 1 1 0 1 1 0 1 1 0 1 0 0 1 0 0 1 0 0 1 0 1 0 0 1 0 1 0 1 0 0 1 1 0 0 1 1 0 1 0 0 1 1 0 1 0 0 
0 1 1 0 1 0 0 1 0 0 1 1 0 0 1 1 0 0 1 0 0 1 1 0 0 1 1 0 1 0 0 1 0 0 1 0 1 1 0 1 0 0 1 0 1 1 0 0 1 0 1 1 0 1 0 1 1 0 1 0 1 0 1 1 0 0 1 1 0 0 1 0 1 1 0 0 1 0 1 1 
1 1 0 1 0 1 0 1 0 1 1 0 1 1 0 0 1 0 1 0 1 0 0 1 1 0 0 1 0 1 1 0 0 1 0 0 1 0 1 0 1 0 1 1 0 0 1 1 0 1 0 1 1 0 1 0 0 1 0 1 0 1 1 0 1 0 1 0 0 1 0 0 1 1 0 0 1 1 0 0 
1 0 0 1 0 0 1 0 1 0 0 1 1 0 0 1 0 1 0 1 0 1 0 1 0 1 0 1 1 0 0 1 1 0 0 1 0 1 0 1 0 1 0 0 1 1 0 1 0 1 1 0 0 1 0 1 0 1 1 0 0 1 0 1 0 1 0 1 1 0 1 1 0 0 1 1 0 0 1 1 
0 0 1 0 1 1 0 0 1 0 0 1 0 0 1 1 0 1 0 1 0 0 1 0 0 1 1 0 0 1 1 0 1 0 1 1 0 0 1 0 1 1 0 0 1 0 1 0 1 0 1 0 1 1 0 1 1 0 0 1 1 0 1 0 1 1 0 0 1 1 0 1 0 1 0 0 1 1 0 1 
0 1 0 1 0 1 0 1 0 1 1 0 1 1 0 0 1 0 1 0 1 0 1 0 1 0 0 1 1 0 0 1 0 1 1 0 1 1 0 1 0 0 1 1 0 1 1 0 1 0 0 1 0 0 1 0 1 1 0 0 1 0 1 1 0 0 1 1 0 0 1 0 1 0 1 1 0 0 1 0 
1 0 0 1 0 0 1 1 0 1 1 0 1 1 0 0 1 0 1 1 0 1 0 1 0 1 1 0 0 1 1 0 0 1 0 0 1 0 1 0 0 1 0 1 0 1 0 1 0 1 0 1 1 0 1 1 0 0 1 1 0 1 0 0 1 1 0 1 1 0 0 1 1 0 0 1 0 1 0 0 
1 0 1 0 1 1 0 0 1 0 0 1 0 0 1 1 0 1 0 0 1 0 0 1 1 0 1 1 0 1 0 1 1 0 1 1 0 1 1 0 1 0 1 0 1 0 1 0 1 0 1 0 0 1 0 1 0 1 0 0 1 0 1 0 1 0 1 0 0 1 0 1 0 1 1 0 1 0 0 1 
0 1 1 0 0 1 1 0 1 0 1 0 1 0 1 1 0 1 1 0 1 0 1 0 1 1 0 0 1 0 1 1 0 1 0 1 1 0 0 1 1 0 0 1 0 1 0 1 0 1 0 0 1 0 1 0 1 1 0 0 1 0 0 1 0 0 1 0 1 0 1 0 1 1 0 1 0 0 1 0 
1 0 0 1 0 0 1 1 0 1 1 0 0 1 0 0 1 0 1 1 0 1 0 1 0 0 1 0 1 1 0 0 1 0 1 0 1 0 0 1 0 1 1 0 1 1 0 1 1 0 0 1 0 0 1 1 0 0 1 1 0 1 1 0 0 1 0 1 0 1 0 1 0 0 1 0 1 1 0 1 
0 1 0 0 1 1 0 0 1 1 0 1 1 0 1 0 1 1 0 0 1 1 0 0 1 1 0 1 0 0 1 0 1 1 0 1 0 1 1 0 1 1 0 0 1 0 1 0 1 0 1 0 1 1 0 0 1 1 0 0 1 0 0 1 1 0 1 0 1 0 1 0 1 0 0 1 0 0 1 0 
0 1 1 0 1 1 0 0 1 0 0 1 0 1 0 1 0 0 1 1 0 0 1 1 0 1 1 0 1 0 0 1 0 0 1 0 1 0 0 1 0 0 1 1 0 1 0 1 0 1 0 0 1 1 0 0 1 0 1 1 0 0 1 1 0 0 1 1 0 1 1 0 1 1 0 1 0 1 1 0 
1 0 0 1 0 0 1 1 0 1 1 0 1 0 1 0 0 1 0 0 1 1 0 1 1 0 1 1 0 1 0 1 0 1 0 0 1 0 1 0 1 1 0 1 0 1 0 0 1 1 0 1 0 0 1 1 0 0 1 0 1 1 0 0 1 1 0 0 1 1 0 1 0 0 1 0 1 0 0 1 
0 0 1 0 1 0 0 1 1 0 0 1 0 1 0 0 1 1 0 1 1 0 1 0 1 1 0 1 0 1 1 0 1 0 0 1 0 1 0 1 0 0 1 0 1 0 1 1 0 0 1 0 1 1 0 0 1 1 0 0 1 0 1 1 0 1 1 0 1 0 1 0 0 1 0 0 1 1 0 1 
0 1 0 1 0 1 1 0 0 1 1 0 1 1 0 1 1 0 1 1 0 0 1 1 0 0 1 0 1 0 0 1 0 1 1 0 1 0 1 1 0 1 0 0 1 1 0 1 0 1 0 1 1 0 0 1 0 1 0 1 0 0 1 0 1 0 0 1 0 1 1 0 1 0 0 1 0 0 1 0 
1 0 1 0 1 0 1 0 1 0 0 1 0 0 1 1 0 0 1 0 1 1 0 1 1 0 0 1 0 1 1 0 1 0 1 1 0 1 1 0 1 0 0 1 0 0 1 0 1 1 0 1 0 0 1 1 0 0 1 0 1 1 0 1 0 0 1 0 1 0 0 1 0 0 1 1 0 1 0 1 
0 1 0 0 1 1 0 1 0 1 1 0 1 0 1 0 0 1 0 0 1 0 1 0 1 1 0 0 1 1 0 1 0 1 0 0 1 0 0 1 0 1 1 0 1 0 1 0 1 0 1 0 0 1 1 0 1 1 0 0 1 0 1 0 0 1 1 0 1 0 1 1 0 1 1 0 1 1 0 0 
1 0 0 1 0 1 0 0 1 0 0 1 0 1 0 1 1 0 1 1 0 1 0 1 0 0 1 1 0 0 1 0 1 0 1 1 0 1 0 1 1 0 1 1 0 1 0 1 0 1 0 1 1 0 0 1 0 0 1 1 0 1 0 0 1 0 0 1 0 1 0 0 1 1 0 0 1 0 1 1 
0 0 1 0 1 0 1 0 0 1 1 0 1 0 0 1 1 0 0 1 1 0 0 1 1 0 0 1 0 1 0 0 1 1 0 1 0 1 1 0 0 1 0 1 1 0 1 0 1 0 1 0 0 1 0 1 1 0 0 1 1 0 1 1 0 1 1 0 1 0 1 1 0 0 1 1 0 0 1 0 
1 1 0 1 0 1 0 1 0 1 0 1 0 1 1 0 0 1 1 0 0 1 1 0 1 1 0 0 1 1 0 1 0 1 1 0 1 0 1 0 1 0 1 0 0 1 0 1 0 1 0 1 0 1 1 0 0 1 1 0 0 1 0 0 1 0 0 1 0 1 0 1 0 1 1 0 0 1 0 0 
1 1 0 1 1 0 1 0 1 0 1 0 0 1 0 0 1 0 0 1 1 0 0 1 0 0 1 0 1 0 1 0 1 0 1 1 0 1 0 1 0 1 0 1 1 0 1 1 0 0 1 0 1 0 1 0 0 1 0 0 1 0 0 1 0 1 0 1 0 1 1 0 1 1 0 0 1 1 0 1 
0 0 1 0 1 0 1 1 0 1 0 1 1 0 0 1 1 0 0 1 0 1 0 1 1 0 0 1 0 0 1 1 0 1 0 0 1 0 1 1 0 0 1 0 0 1 1 0 1 0 1 1 0 1 0 1 1 0 0 1 0 0 1 0 1 0 1 0 1 0 0 1 1 0 1 1 0 0 1 1 
1 0 1 1 0 1 0 0 1 1 0 1 0 0 1 1 0 1 1 0 0 1 1 0 1 1 0 0 1 1 0 0 1 0 0 1 0 1 0 0 1 1 0 0 1 1 0 1 0 1 0 1 1 0 1 0 1 0 1 0 0 1 0 1 0 1 0 1 0 1 1 0 0 1 1 0 0 1 0 0 
1 1 0 1 0 0 1 1 0 0 1 0 1 1 0 0 1 1 0 1 1 0 1 0 0 1 1 0 0 1 1 0 0 1 1 0 0 1 0 0 1 1 0 1 1 0 1 1 0 0 1 0 0 1 0 1 0 1 0 1 1 0 1 0 1 0 0 1 1 0 0 1 0 1 0 0 1 0 0 1 
0 1 0 0 1 1 0 1 1 0 0 1 0 0 1 0 1 0 1 0 0 1 0 1 1 0 0 1 1 0 0 1 1 0 1 0 1 0 1 1 0 0 1 0 0 1 1 0 1 1 0 1 0 1 1 0 0 1 0 0 1 1 0 1 0 1 1 0 0 1 0 0 1 0 1 1 0 1 1 0 
0 0 1 1 0 0 1 0 0 1 1 0 1 0 1 1 0 1 0 1 1 0 1 0 0 1 0 1 0 0 1 1 0 1 0 1 0 0 1 1 0 0 1 0 0 1 0 1 1 0 0 1 1 0 1 0 1 0 1 0 0 1 1 0 1 0 0 1 0 0 1 0 1 1 0 1 1 0 1 1 
1 0 1 0 0 1 0 1 0 1 0 0 1 1 0 1 1 0 1 0 0 1 0 1 1 0 1 0 0 1 1 0 0 1 1 0 0 1 0 0 1 1 0 1 1 0 1 0 0 1 1 0 0 1 0 1 0 1 0 1 1 0 1 1 0 0 1 0 1 1 0 1 0 1 1 0 0 1 0 0 
1 1 0 1 1 0 0 1 1 0 0 1 0 1 1 0 0 1 0 1 0 1 1 0 0 1 0 0 1 0 0 1 1 0 0 1 1 0 1 0 1 0 1 1 0 1 0 1 0 0 1 1 0 0 1 0 1 0 1 1 0 1 0 0 1 1 0 0 1 0 1 1 0 0 1 0 1 0 1 0 
0 1 0 1 1 0 1 0 1 0 1 0 1 0 0 1 0 1 0 0 1 0 0 1 1 0 1 1 0 1 0 1 0 1 0 1 0 1 0 1 0 1 1 0 1 0 1 0 1 1 0 0 1 1 0 1 0 1 0 0 1 1 0 1 0 1 0 1 0 0 1 0 1 0 0 1 1 0 0 1 
1 0 1 0 0 1 1 0 0 1 0 1 0 1 1 0 1 0 1 0 0 1 1 0 0 1 0 1 0 0 1 0 1 0 1 0 1 1 0 0 1 0 0 1 0 1 0 1 1 0 1 0 1 1 0 1 0 0 1 1 0 0 1 1 0 0 1 0 1 1 0 1 0 1 0 1 0 1 1 0 
0 1 0 0 1 1 0 1 0 1 0 0 1 0 0 1 0 0 1 1 0 0 1 1 0 1 1 0 1 1 0 0 1 1 0 1 1 0 1 1 0 1 0 0 1 0 0 1 0 0 1 1 0 0 1 0 1 1 0 1 0 1 0 0 1 1 0 0 1 0 1 0 1 0 1 0 1 0 1 1 
1 0 1 1 0 0 1 0 1 0 1 1 0 0 1 0 1 1 0 1 1 0 0 1 1 0 0 1 0 0 1 1 0 0 1 0 0 1 1 0 0 1 1 0 0 1 1 0 0 1 0 1 0 1 0 0 1 0 1 0 1 0 1 0 1 0 1 1 0 1 0 1 0 1 1 0 0 1 0 1 
1 0 1 0 0 1 1 0 0 1 1 0 1 1 0 1 0 1 1 0 0 1 1 0 1 0 1 1 0 1 0 0 1 1 0 1 1 0 0 1 1 0 0 1 0 0 1 0 1 0 1 0 1 1 0 1 0 1 0 1 1 0 0 1 0 1 0 0 1 1 0 0 1 0 0 1 0 0 1 0 
0 1 0 0 1 0 0 1 1 0 0 1 1 0 1 0 1 0 1 0 1 0 0 1 0 1 0 0 1 0 1 0 1 1 0 0 1 0 1 0 0 1 1 0 1 1 0 1 1 0 1 0 1 0 1 0 1 0 1 1 0 1 0 1 1 0 1 1 0 0 1 0 1 0 1 0 1 1 0 0 
1 0 1 1 0 1 0 1 0 0 1 0 0 1 0 1 0 1 0 1 0 1 1 0 0 1 1 0 1 1 0 1 0 0 1 1 0 1 1 0 0 1 0 0 1 1 0 1 0 1 0 1 0 1 0 0 1 1 0 0 1 0 1 0 0 1 0 0 1 1 0 1 0 1 0 1 0 0 1 1 
0 1 0 0 1 0 1 0 1 1 0 0 1 0 1 0 1 0 0 1 1 0 0 1 1 0 1 1 0 0 1 0 1 0 1 0 1 0 0 1 1 0 1 1 0 0 1 0 1 0 1 1 0 0 1 1 0 0 1 1 0 1 0 0 1 0 1 1 0 0 1 1 0 0 1 0 1 0 1 1 
1 0 0 1 0 0 1 1 0 0 1 1 0 0 1 1 0 1 1 0 1 1 0 0 1 1 0 0 1 0 1 1 0 1 0 0 1 1 0 0 1 0 0 1 0 1 1 0 1 0 1 0 1 1 0 0 1 0 1 1 0 0 1 1 0 1 0 0 1 1 0 0 1 1 0 0 1 1 0 0 
0 0 1 0 1 1 0 1 0 0 1 0 1 1 0 0 1 0 0 1 0 0 1 1 0 0 1 1 0 1 0 1 1 0 1 1 0 0 1 0 0 1 0 0 1 0 0 1 0 1 0 0 1 0 1 0 1 1 0 0 1 1 0 1 1 0 1 1 0 1 0 1 1 0 1 1 0 1 1 0 
0 1 1 0 1 1 0 0 1 1 0 1 0 0 1 0 1 0 0 1 0 1 0 0 1 0 0 1 0 0 1 0 1 0 1 1 0 1 0 1 1 0 1 1 0 1 1 0 1 1 0 1 0 1 0 1 0 0 1 1 0 1 1 0 1 0 1 0 1 0 1 0 0 1 0 0 1 0 0 1 
1 1 0 1 0 0 1 1 0 0 1 0 1 0 0 1 0 1 1 0 1 0 0 1 0 1 1 0 1 1 0 1 0 1 0 0 1 0 1 0 1 1 0 1 1 0 0 1 0 0 1 1 0 0 1 0 1 0 1 0 1 0 0 1 0 1 0 0 1 0 1 1 0 0 1 1 0 1 1 0 
0 0 1 1 0 1 1 0 1 0 0 1 0 1 0 1 1 0 1 0 0 1 1 0 1 0 0 1 1 0 1 1 0 1 1 0 1 0 1 1 0 0 1 0 1 0 1 0 1 1 0 0 1 1 0 0 1 1 0 0 1 0 0 1 1 0 0 1 0 1 0 0 1 1 0 0 1 0 0 1 
0 1 0 0 1 1 0 1 0 1 0 1 0 1 1 0 0 1 0 1 0 0 1 0 1 0 1 1 0 0 1 0 1 0 0 1 0 1 0 1 1 0 1 0 0 1 1 0 1 1 0 1 1 0 0 1 0 0 1 1 0 1 1 0 1 0 1 0 0 1 0 1 0 0 1 1 0 1 0 1 
1 0 0 1 0 0 1 0 0 1 1 0 1 0 0 1 1 0 1 0 1 1 0 1 0 1 1 0 0 1 0 1 0 0 1 1 0 1 0 0 1 1 0 1 1 0 0 1 0 0 1 1 0 1 1 0 0 1 1 0 0 1 1 0 0 1 1 0 1 0 1 1 0 1 0 1 0 0 1 0 
1 0 1 0 1 1 0 1 1 0 1 0 1 0 0 1 0 1 1 0 0 1 1 0 0 1 0 1 1 0 0 1 0 1 0 0 1 0 1 1 0 1 0 0 1 1 0 0 1 1 0 0 1 0 0 1 1 0 0 1 1 0 0 1 1 0 0 1 0 0 1 0 1 0 1 0 1 1 0 1 
0 1 0 1 0 1 0 0 1 0 0 1 0 1 1 0 1 0 0 1 1 0 0 1 1 0 0 1 0 1 1 0 1 0 1 1 0 1 0 1 0 0 1 1 0 1 1 0 1 0 1 0 0 1 1 0 0 1 1 0 1 1 0 0 1 1 0 1 0 1 0 0 1 1 0 1 0 0 1 0 
0 1 0 1 1 0 1 0 0 1 1 0 1 1 0 1 0 0 1 1 0 1 1 0 1 0 1 0 1 0 1 0 0 1 0 0 1 0 1 0 1 0 1 0 1 0 0 1 0 1 0 1 0 1 0 1 1 0 0 1 0 0 1 1 0 0 1 0 1 1 0 1 0 0 1 0 1 1 0 1 
1 0 1 0 1 0 1 1 0 1 0 1 1 0 1 0 1 1 0 0 1 1 0 1 0 1 0 1 0 1 0 1 1 0 0 1 1 0 1 0 1 1 0 1 0 1 0 0 1 0 1 0 1 0 1 0 0 1 0 1 1 0 0 1 0 0 1 1 0 0 1 0 0 1 0 1 0 1 0 0 
0 1 1 0 0 1 0 0 1 0 1 0 0 1 0 1 0 0 1 0 1 0 1 0 1 1 0 1 1 0 1 0 0 1 1 0 0 1 0 1 0 1 0 0 1 0 1 1 0 0 1 1 0 0 1 1 0 1 1 0 0 1 1 0 1 1 0 0 1 0 0 1 1 0 1 0 1 0 1 1 
1 1 0 1 1 0 0 1 1 0 0 1 1 0 1 1 0 0 1 1 0 1 1 0 1 0 1 0 0 1 1 0 0 1 0 1 1 0 0 1 1 0 1 0 0 1 1 0 1 1 0 0 1 1 0 0 1 0 1 0 0 1 0 0 1 0 0 1 0 1 0 0 1 0 0 1 1 0 1 0 
1 0 1 1 0 1 1 0 0 1 0 1 0 0 1 0 1 1 0 0 1 1 0 1 0 1 0 0 1 0 0 1 1 0 0 1 0 1 1 0 1 0 1 1 0 1 0 1 0 1 0 1 0 1 0 1 1 0 0 1 1 0 0 1 0 1 1 0 1 0 1 0 0 1 0 1 0 1 0 0 
0 1 0 0 1 0 0 1 1 0 1 0 1 1 0 1 0 0 1 1 0 0 1 0 1 0 0 1 0 1 1 0 1 0 1 0 1 1 0 1 0 1 0 1 1 0 1 1 0 0 1 0 1 0 1 0 0 1 0 1 0 1 1 0 1 0 1 0 1 0 1 1 0 0 1 0 0 1 0 1 
1 0 1 1 0 0 1 1 0 1 0 1 0 1 1 0 0 1 0 0 1 0 1 1 0 0 1 0 1 0 0 1 0 1 0 1 0 0 1 0 1 0 1 0 0 1 0 0 1 1 0 0 1 1 0 1 1 0 1 0 1 0 0 1 0 1 0 1 0 1 0 0 1 1 0 1 1 0 1 1 
0 0 1 0 1 1 0 0 1 0 0 1 1 0 1 0 1 0 1 0 1 1 0 0 1 1 0 0 1 0 0 1 1 0 1 0 0 1 0 1 0 1 0 0 1 0 1 0 1 0 0 1 0 0 1 0 0 1 1 0 1 1 0 1 0 1 1 0 1 1 0 1 1 0 1 1 0 1 1 0 
1 1 0 1 0 0 1 0 0 1 1 0 1 0 0 1 0 1 0 1 0 1 1 0 0 1 0 1 0 1 1 0 0 1 0 1 1 0 1 0 1 1 0 1 0 1 0 1 0 1 1 0 0 1 0 1 0 1 0 1 0 1 1 0 1 0 1 1 0 0 1 0 0 1 0 0 1 0 0 1 
0 1 0 1 1 0 0 1 0 1 0 1 0 1 0 1 1 0 1 0 1 0 0 1 0 0 1 0 1 0 1 0 1 0 1 0 0 1 0 1 0 0 1 0 1 0 1 0 0 1 0 1 1 0 1 0 1 0 0 1 1 0 1 0 1 1 0 1 0 1 1 0 1 0 1 1 0 1 0 1 
1 0 1 0 1 1 0 1 1 0 1 0 1 0 1 0 0 1 1 0 1 0 1 0 1 0 1 0 1 1 0 1 1 0 1 0 1 0 0 1 1 0 0 1 0 0 1 0 1 0 1 0 1 0 1 0 1 0 1 0 0 1 0 1 0 0 1 0 1 0 0 1 0 1 0 1 1 0 1 0 
0 0 1 1 0 0 1 0 1 1 0 1 0 1 1 0 1 1 0 1 0 1 1 0 0 1 0 1 0 0 1 1 0 1 0 1 0 0 1 0 0 1 0 1 0 1 0 1 0 1 0 1 0 1 0 1 0 1 0 1 1 0 1 0 1 1 0 1 0 0 1 1 0 0 1 0 1 1 0 0 
1 1 0 0 1 1 0 1 0 0 1 0 0 1 0 1 1 0 0 1 0 1 0 1 0 0 1 0 1 1 0 0 1 0 1 0 1 1 0 0 1 0 1 0 1 1 0 1 0 0 1 0 1 0 1 1 0 1 1 0 0 1 0 1 0 0 1 0 1 1 0 0 1 0 1 1 0 0 1 1 
1 0 0 1 0 0 1 1 0 1 0 0 1 0 1 0 0 1 1 0 1 0 1 0 1 0 1 0 1 0 1 0 1 1 0 1 0 1 0 1 1 0 1 1 0 0 1 0 1 1 0 1 0 0 1 0 1 0 1 0 1 0 1 0 0 1 0 1 0 0 1 1 0 1 0 1 0 1 1 0 
0 1 1 0 0 1 0 0 1 0 1 1 0 1 0 1 1 0 1 0 1 0 1 0 0 1 0 1 0 1 0 1 0 1 0 1 1 0 1 1 0 1 0 1 1 0 0 1 0 0 1 0 1 1 0 0 1 0 0 1 0 1 0 0 1 0 1 1 0 0 1 0 1 0 1 0 1 1 0 1 
1 0 1 0 1 0 1 1 0 1 1 0 0 1 0 1 0 1 0 1 0 1 0 1 0 0 1 0 0 1 1 0 1 0 1 0 1 0 1 0 0 1 1 0 0 1 0 0 1 1 0 1 0 0 1 1 0 1 0 0 1 0 1 1 0 1 1 0 1 1 0 1 1 0 0 1 0 0 1 0 
0 1 0 1 0 0 1 0 0 1 0 1 1 0 1 0 1 0 0 1 0 0 1 0 1 1 0 1 1 0 1 1 0 1 0 1 0 1 0 0 1 0 0 1 1 0 1 1 0 0 1 0 0 1 0 1 1 0 1 1 0 1 0 1 0 1 0 1 0 0 1 0 0 1 1 0 1 1 0 1 
1 1 0 1 0 1 0 1 1 0 1 0 1 0 0 1 0 1 1 0 1 1 0 1 0 1 1 0 0 1 0 1 1 0 0 1 0 0 1 1 0 0 1 1 0 0 1 0 0 1 0 1 1 0 1 0 1 0 1 0 0 1 0 0 1 0 1 0 1 1 0 1 0 1 0 0 1 0 0 1 
1 0 1 0 1 1 0 0 1 1 0 1 0 1 0 1 1 0 0 1 0 1 0 0 1 0 1 1 0 0 1 0 0 1 1 0 1 0 1 0 0 1 1 0 0 1 0 0 1 1 0 1 0 0 1 1 0 1 0 0 1 0 1 0 1 1 0 1 1 0 1 0 1 0 0 1 0 1 1 0 
0 1 0 1 0 0 1 1 0 1 1 0 0 1 1 0 1 0 1 0 1 0 1 0 1 1 0 0 1 1 0 0 1 0 1 0 0 1 0 0 1 0 0 1 1 0 0 1 1 0 1 0 1 1 0 1 1 0 1 1 0 0 1 1 0 1 0 1 0 1 0 0 1 0 1 0 0 1 1 0 
1 0 1 0 1 0 0 1 0 0 1 0 1 0 1 1 0 1 0 1 0 0 1 1 0 0 1 1 0 1 0 1 1 0 0 1 1 0 0 1 0 1 1 0 1 0 1 1 0 1 0 1 0 1 0 0 1 1 0 1 0 1 0 1 0 0 1 0 1 0 0 1 0 1 0 1 1 0 0 1 
0 0 1 0 0 1 1 0 1 1 0 1 0 1 0 0 1 1 0 1 0 1 0 1 0 1 1 0 1 0 1 0 0 1 0 1 0 1 1 0 1 0 1 1 0 1 0 0 1 0 0 1 1 0 1 1 0 0 1 0 1 0 1 0 1 0 0 1 0 1 1 0 1 1 0 0 1 1 0 0 
0 1 0 1 1 0 1 0 1 0 1 0 1 1 0 1 1 0 1 0 1 0 1 0 1 0 0 1 0 1 0 1 1 0 1 0 1 0 0 1 0 1 0 0 1 0 0 1 0 1 1 0 0 1 1 0 1 0 0 1 1 0 0 1 0 1 1 0 1 0 0 1 0 0 1 1 0 0 1 1 
1 1 0 1 1 0 0 1 0 0 1 0 1 0 1 1 0 1 0 1 0 1 0 1 0 1 0 1 1 0 1 1 0 1 0 0 1 0 1 0 0 1 0 1 0 0 1 0 0 1 1 0 1 0 0 1 0 1 1 0 0 1 0 0 1 1 0 1 0 1 1 0 1 0 1 0 0 1 0 1 
0 0 1 0 0 1 0 1 0 1 0 1 0 1 1 0 0 1 1 0 1 0 0 1 0 1 1 0 0 1 0 0 1 0 1 1 0 1 0 1 1 0 1 1 0 1 1 0 1 0 0 1 0 1 0 1 0 1 0 0 1 0 1 1 0 0 1 0 1 0 1 1 0 1 0 1 1 0 1 0 
1 0 1 0 1 0 1 0 1 0 1 1 0 1 0 0 1 0 0 1 1 0 1 0 1 0 0 1 1 0 0 1 0 1 1 0 0 1 0 0 1 1 0 0 1 1 0 1 0 1 1 0 1 0 1 0 1 0 1 1 0 1 0 1 1 0 0 1 0 1 0 0 1 0 0 1 0 1 1 0 
1 1 0 1 0 1 0 0 1 1 0 0 1 0 0 1 1 0 0 1 0 1 0 0 1 0 1 1 0 1 1 0 0 1 0 0 1 0 1 1 0 0 1 1 0 0 1 1 0 0 1 1 0 1 1 0 0 1 1 0 1 0 1 0 0 1 0 1 1 0 1 1 0 0 1 0 1 0 0 1 
0 0 1 0 1 0 1 1 0 0 1 0 0 1 1 0 0 1 1 0 1 1 0 1 0 1 0 0 1 1 0 1 1 0 1 1 0 1 0 1 1 0 1 0 1 0 1 0 1 1 0 0 1 1 0 1 0 1 0 1 0 1 0 0 1 0 1 0 0 1 0 0 1 1 0 1 0 0 1 0 
0 1 1 0 0 1 1 0 1 0 1 1 0 0 1 0 0 1 0 1 1 0 1 1 0 0 1 0 1 0 0 1 0 0 1 0 0 1 1 0 0 1 0 1 0 1 0 1 0 0 1 0 1 0 0 1 1 0 1 1 0 0 1 1 0 1 0 1 1 0 1 1 0 1 1 0 1 1 0 0 
isOptimal = true
time_taken = 3.9237098693847656
