1 0 1 0 0 1 1 0 0 1 0 0 1 1 0 1 
0 0 1 1 0 1 0 1 0 1 0 1 1 0 1 0 
0 1 0 0 1 0 1 0 1 0 1 1 0 0 1 1 
1 0 1 0 0 1 1 0 1 0 1 0 0 1 0 1 
0 1 0 1 0 1 0 1 0 1 0 1 1 0 1 0 
0 0 1 0 1 0 0 1 1 0 1 0 1 0 1 1 
1 1 0 1 1 0 1 0 0 1 0 1 0 1 0 0 
1 0 1 0 0 1 1 0 1 0 1 0 0 1 1 0 
0 1 0 1 1 0 0 1 0 1 0 1 1 0 0 1 
1 1 0 0 1 1 0 0 1 0 0 1 0 0 1 1 
1 0 1 1 0 0 1 1 0 1 1 0 0 1 0 0 
0 1 0 1 1 0 0 1 0 0 1 0 1 1 0 1 
0 1 1 0 0 1 1 0 1 1 0 1 0 0 1 0 
1 0 0 1 1 0 0 1 1 0 1 0 1 1 0 0 
0 1 0 0 1 0 0 1 0 1 0 1 1 0 1 1 
1 0 1 1 0 1 1 0 1 0 1 0 0 1 0 0 
isOptimal = true
time_taken = 0.0194699764251709
