0 0 1 0 1 1 0 1 1 0 1 0 0 1 1 0 
1 0 1 0 0 1 0 0 1 1 0 0 1 0 1 1 
0 1 0 1 1 0 1 1 0 0 1 1 0 1 0 0 
1 0 1 0 0 1 0 0 1 1 0 0 1 1 0 1 
1 1 0 1 1 0 1 0 0 1 0 1 0 0 1 0 
0 0 1 1 0 0 1 1 0 0 1 0 1 1 0 1 
1 1 0 0 1 1 0 0 1 0 0 1 0 0 1 1 
0 0 1 0 1 0 1 1 0 1 0 1 1 0 1 0 
1 0 1 1 0 1 1 0 0 1 1 0 0 1 0 0 
0 1 0 1 0 1 0 1 1 0 0 1 1 0 0 1 
0 1 1 0 1 0 1 0 0 1 1 0 1 0 1 0 
1 0 0 1 0 0 1 1 0 0 1 1 0 1 1 0 
0 1 0 0 1 1 0 0 1 1 0 1 1 0 0 1 
0 0 1 1 0 0 1 1 0 1 1 0 0 1 1 0 
1 1 0 0 1 0 0 1 1 0 0 1 0 1 0 1 
1 1 0 1 0 1 0 0 1 0 1 0 1 0 0 1 
isOptimal = true
time_taken = 0.023389101028442383
