0 1 0 1 0 0 1 0 1 0 1 0 1 0 1 1 
1 1 0 0 1 1 0 1 0 0 1 0 0 1 0 1 
0 0 1 1 0 0 1 0 1 1 0 1 1 0 1 0 
1 0 1 0 1 1 0 0 1 1 0 0 1 1 0 0 
0 1 0 1 0 0 1 1 0 0 1 1 0 0 1 1 
1 0 0 1 1 0 0 1 1 0 1 0 1 1 0 0 
1 0 1 0 0 1 1 0 0 1 0 1 0 0 1 1 
0 1 1 0 1 1 0 0 1 1 0 0 1 1 0 0 
1 0 0 1 0 0 1 1 0 0 1 1 0 1 0 1 
0 1 1 0 0 1 0 0 1 0 0 1 1 0 1 1 
1 0 1 0 1 1 0 1 0 1 1 0 0 1 0 0 
0 1 0 1 1 0 1 0 1 0 0 1 1 0 0 1 
0 0 1 1 0 1 0 1 0 1 1 0 0 1 1 0 
1 0 1 0 1 0 1 0 1 0 1 0 1 1 0 0 
0 1 0 0 1 0 1 1 0 1 0 1 0 0 1 1 
1 1 0 1 0 1 0 1 0 1 0 1 0 0 1 0 
isOptimal = true
time_taken = 0.019268035888671875
