0 1 0 0 1 1 0 0 1 0 1 0 1 0 1 0 1 1 0 1 1 0 1 0 1 0 0 1 1 0 1 1 0 1 0 1 1 0 0 1 0 0 1 0 0 1 1 0 
1 0 0 1 1 0 0 1 0 0 1 0 0 1 0 1 0 0 1 1 0 1 1 0 1 0 1 1 0 1 0 0 1 0 1 0 1 1 0 1 1 0 0 1 0 1 1 0 
0 0 1 1 0 0 1 0 1 1 0 1 1 0 1 0 0 1 1 0 1 0 0 1 0 1 1 0 0 1 0 0 1 0 1 1 0 1 1 0 0 1 0 1 1 0 0 1 
0 1 1 0 0 1 0 1 0 1 0 1 1 0 0 1 1 0 0 1 0 1 0 1 0 1 0 1 1 0 1 1 0 1 0 1 0 0 1 0 0 1 1 0 1 0 0 1 
1 0 0 1 1 0 1 1 0 0 1 0 0 1 0 1 0 1 1 0 1 0 1 0 1 0 0 1 0 1 0 1 0 1 1 0 1 0 0 1 1 0 0 1 0 1 1 0 
1 0 1 0 0 1 0 0 1 1 0 1 0 0 1 0 1 0 1 1 0 1 0 1 0 1 1 0 1 0 1 0 1 0 1 0 0 1 1 0 1 0 1 1 0 1 0 0 
0 1 0 1 1 0 1 1 0 0 1 0 1 1 0 1 0 1 0 0 1 0 1 0 0 1 0 1 1 0 0 1 1 0 0 1 0 0 1 0 0 1 1 0 1 0 1 1 
1 0 1 0 1 0 1 0 1 1 0 1 0 0 1 0 1 0 0 1 0 1 0 1 1 0 1 0 0 1 1 0 0 1 1 0 1 1 0 1 0 1 0 1 0 0 1 0 
0 1 0 1 0 1 0 1 0 0 1 0 1 0 0 1 1 0 1 0 1 1 0 0 1 0 1 0 0 1 0 1 0 1 0 0 1 1 0 1 1 0 1 0 1 1 0 1 
1 1 0 0 1 0 1 0 1 1 0 1 0 1 1 0 0 1 0 1 0 0 1 1 0 1 0 1 1 0 1 0 1 0 1 1 0 0 1 0 1 0 0 1 0 1 0 0 
0 0 1 0 1 1 0 1 0 1 1 0 1 0 1 1 0 0 1 0 1 0 0 1 1 0 1 0 1 0 0 1 0 1 0 0 1 0 1 0 0 1 1 0 1 0 1 1 
0 0 1 1 0 0 1 0 1 0 0 1 0 1 0 0 1 1 0 1 0 1 1 0 0 1 1 0 0 1 0 1 1 0 1 1 0 1 0 1 1 0 0 1 0 1 1 0 
1 1 0 0 1 0 1 1 0 0 1 0 1 1 0 0 1 0 0 1 1 0 1 0 0 1 0 1 0 0 1 0 1 0 1 0 1 0 1 1 0 1 0 1 1 0 0 1 
0 0 1 1 0 1 0 0 1 1 0 1 0 0 1 1 0 1 1 0 1 1 0 1 1 0 0 1 1 0 1 0 0 1 0 0 1 1 0 0 1 0 1 0 0 1 1 0 
1 1 0 1 0 1 0 1 0 0 1 0 1 1 0 0 1 0 0 1 0 1 0 1 0 0 1 0 1 1 0 1 0 0 1 1 0 0 1 0 1 1 0 0 1 0 1 1 
0 0 1 0 1 0 1 0 1 1 0 1 0 1 0 1 0 1 0 1 0 0 1 0 1 1 0 1 0 1 1 0 1 0 1 1 0 1 0 1 0 0 1 1 0 1 0 0 
0 1 0 1 0 1 1 0 0 1 1 0 1 0 1 0 1 0 1 0 1 0 1 1 0 0 1 0 1 0 1 0 1 1 0 0 1 1 0 1 0 1 0 0 1 0 0 1 
1 1 0 1 1 0 0 1 1 0 0 1 0 0 1 0 1 0 1 0 1 1 0 0 1 1 0 0 1 1 0 1 0 1 0 0 1 0 1 0 1 0 1 0 1 0 1 0 
0 0 1 0 1 1 0 0 1 0 1 1 0 1 0 1 0 1 0 1 0 0 1 0 1 0 0 1 0 1 1 0 1 0 1 1 0 1 0 1 1 0 0 1 0 1 0 1 
0 0 1 1 0 0 1 1 0 1 1 0 1 1 0 1 0 1 1 0 1 1 0 1 0 1 1 0 1 0 0 1 0 1 0 1 0 0 1 0 0 1 0 0 1 1 0 0 
1 1 0 1 0 0 1 0 1 0 0 1 0 0 1 0 1 0 1 0 1 0 1 0 1 0 0 1 1 0 1 0 1 0 1 0 1 1 0 0 1 0 1 0 1 0 1 1 
1 0 1 0 1 1 0 0 1 1 0 0 1 0 0 1 0 1 0 1 0 1 0 1 0 1 1 0 0 1 0 0 1 1 0 1 0 1 0 1 0 1 0 1 0 1 0 1 
0 1 0 1 0 1 0 1 0 1 1 0 1 1 0 0 1 1 0 0 1 0 1 0 0 1 1 0 1 0 1 1 0 0 1 1 0 0 1 0 1 0 1 0 1 0 1 0 
1 0 1 0 1 0 1 0 1 0 0 1 0 1 1 0 1 0 1 0 0 1 0 0 1 0 0 1 0 1 0 1 0 1 1 0 1 1 0 1 1 0 0 1 1 0 0 1 
0 0 1 0 1 0 1 0 0 1 1 0 1 0 1 1 0 0 1 1 0 0 1 1 0 0 1 0 1 0 1 0 1 0 0 1 1 0 1 1 0 1 1 0 0 1 1 0 
1 1 0 1 0 1 0 1 1 0 1 1 0 1 0 0 1 1 0 0 1 1 0 0 1 1 0 1 0 1 0 1 0 1 1 0 0 1 0 0 1 0 0 1 0 1 0 0 
1 1 0 1 0 0 1 0 0 1 0 1 0 0 1 1 0 0 1 1 0 0 1 1 0 1 0 0 1 0 0 1 0 1 0 0 1 0 1 1 0 1 1 0 1 0 1 1 
0 0 1 0 1 1 0 1 1 0 1 0 1 0 0 1 0 1 0 1 0 1 0 0 1 0 1 1 0 1 1 0 1 0 0 1 1 0 1 0 1 0 0 1 1 0 1 0 
0 1 1 0 1 1 0 0 1 0 0 1 0 1 1 0 1 0 1 0 1 0 1 1 0 1 1 0 0 1 1 0 0 1 1 0 0 1 0 1 0 1 0 1 0 1 0 0 
1 1 0 1 0 0 1 1 0 1 1 0 0 1 1 0 0 1 0 0 1 1 0 1 0 1 0 1 1 0 0 1 1 0 0 1 0 0 1 0 0 1 1 0 1 0 0 1 
0 0 1 1 0 0 1 0 0 1 0 1 1 0 0 1 1 0 0 1 0 1 0 0 1 0 1 0 0 1 1 0 1 1 0 1 1 0 0 1 1 0 1 1 0 0 1 1 
1 1 0 0 1 1 0 1 1 0 0 1 1 0 1 0 1 0 1 0 1 0 1 0 1 0 1 1 0 0 1 1 0 0 1 0 0 1 0 0 1 1 0 0 1 1 0 0 
0 1 1 0 0 1 0 1 0 0 1 0 0 1 0 1 0 1 0 1 0 0 1 1 0 1 0 0 1 0 0 1 1 0 0 1 1 0 1 1 0 1 1 0 1 1 0 1 
1 0 1 1 0 0 1 0 0 1 1 0 1 0 0 1 0 1 1 0 1 1 0 1 1 0 1 0 0 1 1 0 1 1 0 1 0 1 0 0 1 0 0 1 0 0 1 0 
1 1 0 0 1 1 0 0 1 1 0 1 0 0 1 0 1 0 1 0 1 0 1 0 0 1 0 1 0 1 0 1 0 0 1 0 1 0 1 1 0 0 1 0 1 1 0 1 
0 1 1 0 0 1 0 1 1 0 1 0 0 1 1 0 1 1 0 1 0 1 0 1 1 0 0 1 1 0 0 1 0 1 1 0 0 1 1 0 0 1 0 1 0 0 1 0 
1 0 0 1 0 0 1 0 0 1 0 1 1 0 0 1 0 0 1 0 1 0 1 1 0 1 1 0 1 0 1 0 1 0 0 1 1 0 0 1 1 0 1 1 0 1 0 1 
1 1 0 0 1 1 0 1 1 0 1 0 0 1 1 0 1 0 1 1 0 0 1 0 0 1 1 0 0 1 0 0 1 1 0 0 1 0 1 0 0 1 1 0 1 0 1 0 
0 0 1 1 0 1 1 0 1 0 0 1 1 0 1 1 0 1 0 0 1 1 0 1 1 0 0 1 1 0 1 1 0 0 1 0 0 1 0 1 1 0 0 1 0 1 0 0 
1 0 1 0 1 0 1 1 0 1 0 1 0 1 0 1 1 0 0 1 0 1 0 0 1 0 0 1 0 1 0 0 1 1 0 1 0 1 0 1 0 1 0 1 0 0 1 1 
0 1 0 1 0 1 0 1 0 0 1 0 1 1 0 0 1 0 1 0 1 0 1 0 0 1 1 0 1 0 0 1 1 0 1 0 1 0 1 0 0 1 1 0 1 1 0 1 
1 0 1 0 1 0 1 0 1 1 0 1 0 0 1 1 0 1 0 1 0 1 0 1 1 0 1 0 1 0 1 0 0 1 0 1 0 1 1 0 1 0 0 1 0 1 0 0 
1 0 0 1 0 1 0 0 1 0 1 0 1 0 0 1 0 1 0 1 0 0 1 1 0 1 0 1 0 1 0 1 0 1 0 1 0 1 0 1 0 1 1 0 1 0 1 1 
0 1 1 0 1 1 0 1 0 1 0 0 1 1 0 0 1 0 1 0 1 1 0 0 1 0 1 1 0 1 0 0 1 0 1 0 1 0 0 1 1 0 1 0 0 1 1 0 
1 1 0 1 0 0 1 1 0 1 0 1 0 1 1 0 0 1 0 1 0 0 1 0 0 1 0 0 1 0 1 1 0 1 1 0 0 1 1 0 0 1 0 1 1 0 0 1 
0 0 1 0 0 1 1 0 1 0 1 0 1 0 1 1 0 1 1 0 1 0 0 1 1 0 1 0 1 1 0 0 1 0 0 1 1 0 1 0 1 0 1 0 0 1 1 0 
1 0 0 1 1 0 0 1 0 1 0 0 1 1 0 1 1 0 1 0 0 1 0 1 0 1 0 1 0 0 1 1 0 0 1 1 0 1 0 1 0 1 1 0 1 0 0 1 
0 1 0 0 1 0 1 1 0 0 1 1 0 1 1 0 0 1 0 1 0 1 1 0 1 0 0 1 0 1 1 0 0 1 0 0 1 0 1 0 1 1 0 1 0 0 1 1 
isOptimal = true
time_taken = 1.2215399742126465
