0 0 1 0 1 0 0 1 0 0 1 1 0 1 0 1 1 0 0 1 0 1 1 0 1 0 1 0 1 0 1 1 0 1 1 0 1 1 0 1 0 1 0 0 1 0 1 0 1 0 1 0 1 1 0 0 1 1 0 1 0 1 0 0 
0 1 0 1 0 1 1 0 1 1 0 1 0 1 0 1 0 0 1 1 0 0 1 0 1 1 0 0 1 1 0 0 1 0 1 0 0 1 0 1 0 0 1 1 0 1 0 1 0 0 1 0 1 1 0 0 1 0 1 0 1 0 1 1 
1 0 0 1 1 0 0 1 1 0 1 0 1 0 1 0 1 1 0 0 1 0 0 1 0 1 0 1 0 0 1 0 0 1 0 1 1 0 1 0 1 1 0 0 1 0 1 0 1 1 0 1 0 0 1 1 0 1 0 1 0 1 0 1 
0 1 1 0 0 1 0 1 0 0 1 0 1 1 0 1 0 1 0 0 1 1 0 0 1 0 1 0 1 1 0 1 1 0 1 1 0 1 1 0 0 1 0 1 0 1 0 1 0 0 1 0 1 0 1 1 0 0 1 1 0 0 1 0 
1 0 1 1 0 1 1 0 0 1 0 1 0 0 1 0 1 0 1 1 0 0 1 1 0 1 0 1 0 0 1 0 1 1 0 0 1 1 0 1 1 0 1 0 1 0 1 0 0 1 0 1 0 1 0 0 1 1 0 0 1 0 1 0 
1 1 0 1 1 0 1 0 1 0 0 1 1 0 0 1 0 0 1 0 0 1 0 0 1 0 1 1 0 1 0 1 0 1 0 0 1 0 0 1 0 1 0 1 0 1 0 1 1 0 1 0 1 0 1 0 1 0 1 1 0 1 0 1 
0 1 1 0 1 1 0 1 0 0 1 0 0 1 1 0 1 1 0 1 1 0 1 0 0 1 0 0 1 0 1 0 1 0 1 1 0 1 1 0 0 1 1 0 0 1 1 0 1 0 0 1 1 0 0 1 0 1 0 1 0 0 1 0 
1 0 0 1 0 0 1 1 0 1 0 1 0 0 1 1 0 1 0 1 0 1 0 1 1 0 1 0 1 0 1 0 1 1 0 1 0 1 1 0 1 0 0 1 1 0 1 0 0 1 1 0 0 1 0 1 0 1 0 0 1 0 0 1 
0 1 0 1 0 1 1 0 1 1 0 0 1 1 0 0 1 0 1 0 0 1 1 0 0 1 0 1 0 1 0 1 0 0 1 0 1 0 0 1 0 1 1 0 1 0 0 1 0 1 0 1 0 1 1 0 1 0 1 1 0 1 1 0 
1 0 1 0 1 0 0 1 1 0 1 1 0 1 0 1 1 0 0 1 1 0 1 1 0 1 0 1 0 0 1 0 1 1 0 1 0 1 0 1 0 0 1 0 0 1 0 0 1 0 0 1 1 0 1 1 0 0 1 0 1 1 0 0 
1 1 0 0 1 0 1 0 0 1 0 1 0 0 1 0 0 1 1 0 1 0 0 1 1 0 1 0 1 1 0 1 0 0 1 0 1 0 1 0 1 1 0 1 1 0 1 1 0 0 1 0 1 0 0 1 0 1 0 0 1 0 1 1 
0 0 1 1 0 1 0 1 0 1 0 0 1 1 0 1 0 1 1 0 0 1 0 0 1 1 0 0 1 1 0 1 0 1 0 1 0 1 0 0 1 0 1 1 0 0 1 0 0 1 1 0 0 1 1 0 1 0 1 1 0 1 1 0 
0 1 0 0 1 1 0 1 1 0 1 0 1 0 1 0 1 0 0 1 1 0 1 1 0 0 1 1 0 0 1 0 1 1 0 0 1 0 1 1 0 0 1 0 0 1 0 0 1 1 0 1 0 1 0 1 1 0 0 1 1 0 0 1 
1 0 1 0 1 0 1 0 0 1 0 1 0 0 1 1 0 0 1 0 1 0 1 1 0 0 1 1 0 1 0 1 1 0 1 0 1 0 1 0 1 1 0 0 1 1 0 1 0 0 1 0 1 0 0 1 0 1 1 0 0 1 1 0 
1 1 0 1 0 0 1 0 0 1 1 0 0 1 0 0 1 1 0 1 0 1 0 0 1 1 0 0 1 0 0 1 0 0 1 1 0 1 0 1 0 1 0 1 1 0 1 0 1 1 0 0 1 0 1 0 1 1 0 1 1 0 1 0 
0 0 1 0 0 1 0 1 1 0 1 0 1 0 0 1 0 1 0 1 0 1 0 1 0 1 0 1 0 1 1 0 1 1 0 0 1 0 0 1 1 0 1 1 0 0 1 1 0 0 1 1 0 1 0 1 0 0 1 1 0 1 0 1 
0 1 0 0 1 0 1 1 0 1 0 1 0 0 1 0 1 0 1 0 1 0 1 1 0 0 1 0 1 0 1 0 0 1 1 0 1 0 1 0 1 1 0 0 1 1 0 0 1 0 1 0 1 1 0 1 0 1 1 0 0 1 0 1 
1 0 1 1 0 0 1 0 0 1 0 1 0 1 0 0 1 0 1 1 0 1 0 0 1 1 0 1 0 1 0 1 1 0 0 1 0 1 0 1 0 0 1 1 0 1 1 0 1 1 0 1 0 0 1 0 1 0 0 1 1 0 1 0 
0 1 0 0 1 1 0 0 1 0 1 0 1 0 1 1 0 1 0 1 1 0 1 0 1 0 1 0 1 1 0 1 0 1 1 0 1 0 1 0 1 1 0 0 1 0 0 1 0 0 1 1 0 0 1 0 0 1 0 1 0 1 0 1 
1 0 1 1 0 0 1 1 0 0 1 1 0 1 0 0 1 1 0 0 1 0 0 1 0 1 0 1 1 0 1 0 1 0 0 1 0 1 0 0 1 0 1 0 0 1 1 0 0 1 1 0 1 1 0 1 0 0 1 0 1 1 0 1 
0 1 1 0 0 1 1 0 1 1 0 0 1 1 0 0 1 0 1 0 0 1 0 1 1 0 1 1 0 0 1 0 0 1 0 1 1 0 0 1 0 0 1 1 0 1 1 0 1 1 0 0 1 0 1 0 1 0 1 1 0 0 1 0 
1 0 0 1 1 0 0 1 0 1 0 1 0 0 1 1 0 0 1 1 0 0 1 0 1 0 1 0 0 1 0 1 0 0 1 0 1 0 1 0 1 1 0 1 1 0 0 1 1 0 1 1 0 0 1 1 0 1 0 1 0 0 1 1 
1 1 0 1 0 1 1 0 1 0 1 0 1 1 0 0 1 1 0 0 1 1 0 1 0 1 0 0 1 1 0 1 1 0 0 1 0 1 0 0 1 0 1 0 1 0 0 1 0 1 0 0 1 1 0 1 0 1 0 0 1 1 0 0 
0 1 1 0 0 1 0 1 0 1 1 0 0 1 0 1 0 0 1 1 0 0 1 1 0 1 0 1 1 0 1 0 0 1 1 0 1 0 0 1 0 1 1 0 0 1 1 0 0 1 0 0 1 0 1 0 1 0 1 1 0 0 1 1 
1 0 0 1 1 0 0 1 1 0 0 1 0 0 1 0 1 1 0 0 1 1 0 0 1 0 1 0 0 1 1 0 0 1 1 0 1 0 1 0 1 0 0 1 0 1 0 1 1 0 1 1 0 0 1 1 0 0 1 0 1 0 1 1 
0 0 1 0 0 1 1 0 0 1 1 0 1 1 0 1 0 1 0 1 1 0 1 0 0 1 1 0 1 1 0 1 1 0 0 1 0 1 0 0 1 0 1 0 1 0 1 0 1 1 0 1 0 1 0 0 1 1 0 0 1 1 0 0 
1 1 0 1 0 0 1 0 0 1 1 0 0 1 1 0 1 0 1 0 0 1 0 1 1 0 0 1 0 0 1 0 1 0 1 1 0 0 1 1 0 1 0 1 1 0 0 1 0 1 1 0 1 0 0 1 1 0 0 1 0 1 0 1 
1 0 1 0 1 0 0 1 1 0 0 1 1 0 0 1 0 0 1 1 0 1 0 1 0 1 1 0 1 1 0 1 0 1 0 0 1 1 0 0 1 0 1 0 0 1 0 1 1 0 1 0 0 1 1 0 0 1 1 0 1 0 1 0 
0 1 0 0 1 1 0 1 0 1 1 0 1 0 1 1 0 1 0 1 1 0 1 0 0 1 1 0 0 1 0 0 1 0 1 0 0 1 0 1 1 0 0 1 0 1 1 0 1 1 0 1 0 1 0 1 0 0 1 0 1 0 1 0 
1 1 0 1 0 0 1 0 1 0 1 0 0 1 0 0 1 0 1 0 0 1 0 0 1 0 0 1 1 0 1 1 0 0 1 1 0 0 1 1 0 1 0 1 1 0 1 1 0 0 1 0 1 0 1 0 1 1 0 1 0 1 0 1 
1 0 1 0 1 1 0 1 0 1 0 1 0 0 1 1 0 1 0 1 1 0 1 1 0 0 1 0 1 0 0 1 0 1 0 0 1 1 0 0 1 0 1 0 1 0 0 1 0 1 0 0 1 0 1 0 1 0 1 0 1 1 0 1 
0 1 0 1 0 1 1 0 0 1 1 0 1 0 1 1 0 1 1 0 0 1 1 0 1 1 0 1 0 1 1 0 1 0 0 1 0 0 1 0 0 1 1 0 0 1 0 0 1 1 0 1 0 1 0 1 0 0 1 1 0 0 1 0 
1 0 0 1 1 0 0 1 1 0 1 0 1 1 0 0 1 0 0 1 0 1 0 1 0 1 0 1 0 0 1 1 0 1 1 0 0 1 0 1 1 0 0 1 0 0 1 1 0 0 1 0 1 1 0 0 1 1 0 0 1 1 0 1 
0 1 1 0 1 1 0 0 1 0 0 1 0 0 1 1 0 1 1 0 1 0 0 1 1 0 1 0 1 0 0 1 1 0 0 1 1 0 1 0 1 0 1 0 1 1 0 1 0 1 0 1 0 0 1 1 0 1 0 0 1 0 1 0 
0 0 1 1 0 0 1 1 0 1 1 0 1 1 0 0 1 0 0 1 1 0 1 0 0 1 0 0 1 1 0 0 1 0 1 1 0 1 0 1 0 1 0 0 1 0 1 0 1 0 1 0 1 0 1 1 0 0 1 1 0 1 1 0 
1 1 0 0 1 1 0 1 1 0 0 1 1 0 0 1 1 0 1 0 0 1 0 1 0 0 1 1 0 1 1 0 0 1 0 0 1 0 1 0 1 0 0 1 0 1 0 1 0 0 1 0 1 1 0 0 1 1 0 1 0 1 0 1 
1 1 0 1 1 0 1 0 1 0 0 1 0 1 1 0 0 1 0 0 1 1 0 1 1 0 1 0 1 0 0 1 0 0 1 1 0 1 0 0 1 0 1 1 0 1 0 0 1 1 0 1 0 0 1 1 0 0 1 0 1 0 1 0 
0 0 1 1 0 1 0 1 0 1 1 0 0 1 1 0 1 0 0 1 0 0 1 0 0 1 0 1 0 1 0 1 1 0 1 1 0 0 1 1 0 1 0 0 1 0 1 0 1 1 0 0 1 1 0 0 1 1 0 1 0 1 0 1 
1 0 1 0 1 0 1 0 1 0 1 0 1 0 0 1 0 0 1 1 0 1 1 0 1 0 1 0 1 0 1 0 1 1 0 0 1 0 0 1 0 0 1 0 1 1 0 1 0 0 1 1 0 1 1 0 1 0 1 0 1 0 1 0 
0 1 0 1 0 1 0 1 0 1 0 1 0 1 1 0 1 1 0 0 1 0 0 1 0 1 0 0 1 1 0 1 0 0 1 1 0 1 1 0 1 1 0 1 0 1 0 0 1 0 0 1 1 0 0 1 0 1 1 0 1 0 0 1 
1 0 1 0 1 0 1 0 1 0 0 1 1 0 0 1 0 1 0 1 0 1 1 0 1 0 0 1 0 0 1 0 1 0 1 0 1 1 0 1 1 0 1 0 1 0 1 1 0 1 1 0 1 0 1 0 0 1 0 1 0 1 0 0 
0 1 1 0 1 0 1 0 0 1 1 0 0 1 1 0 1 0 1 0 1 0 1 0 0 1 1 0 0 1 0 1 0 1 0 1 0 0 1 1 0 0 1 1 0 1 1 0 1 0 0 1 0 1 0 1 1 0 0 1 1 0 1 0 
1 0 0 1 0 1 0 1 0 0 1 0 1 1 0 0 1 1 0 1 0 1 0 1 0 1 0 0 1 0 1 0 1 0 1 1 0 1 1 0 0 1 0 0 1 1 0 1 0 1 1 0 1 0 1 0 1 0 1 0 0 1 0 1 
0 1 0 0 1 1 0 0 1 1 0 1 0 0 1 1 0 1 1 0 1 0 0 1 1 0 1 1 0 0 1 1 0 1 1 0 1 0 0 1 1 0 1 0 1 0 1 0 0 1 0 1 0 1 0 1 0 1 0 0 1 0 1 0 
1 0 1 1 0 0 1 0 1 1 0 0 1 1 0 1 0 0 1 0 1 0 1 0 1 0 0 1 0 1 0 0 1 1 0 1 0 1 1 0 1 0 0 1 0 0 1 0 1 0 0 1 0 1 0 1 1 0 1 1 0 1 0 1 
0 0 1 0 1 1 0 1 0 0 1 1 0 0 1 0 1 0 0 1 0 1 0 1 0 1 1 0 1 0 0 1 1 0 1 0 1 0 1 0 0 1 0 1 0 1 0 1 0 1 1 0 1 0 1 0 1 0 0 1 1 0 1 1 
1 1 0 0 1 1 0 1 0 1 1 0 1 0 1 0 0 1 1 0 1 0 1 0 1 0 1 0 0 1 1 0 0 1 1 0 0 1 0 1 0 1 1 0 1 0 0 1 1 0 0 1 0 1 1 0 0 1 1 0 0 1 0 0 
0 0 1 1 0 0 1 0 1 0 0 1 0 1 0 1 0 1 1 0 0 1 1 0 1 0 0 1 0 1 0 0 1 1 0 1 0 1 1 0 1 0 1 0 0 1 1 0 0 1 0 0 1 1 0 1 0 1 0 1 1 0 1 1 
0 0 1 0 1 0 1 0 1 0 1 0 1 0 1 0 1 0 0 1 1 0 0 1 0 1 0 1 1 0 1 1 0 0 1 0 1 0 1 1 0 1 0 1 1 0 0 1 1 0 1 1 0 0 1 0 1 0 1 0 0 1 1 0 
1 1 0 1 0 1 0 1 0 1 0 1 1 0 1 0 1 0 0 1 0 1 1 0 0 1 1 0 0 1 0 1 0 1 0 0 1 1 0 0 1 1 0 1 0 0 1 0 1 0 1 1 0 1 0 1 0 1 0 0 1 0 0 1 
0 0 1 1 0 1 0 1 1 0 1 1 0 1 0 1 0 1 1 0 1 1 0 1 1 0 0 1 1 0 1 0 1 0 0 1 0 1 0 1 0 0 1 0 0 1 0 1 0 1 0 0 1 0 0 1 0 1 0 1 1 0 0 1 
1 1 0 0 1 0 1 0 1 1 0 0 1 0 1 1 0 1 0 1 1 0 0 1 1 0 0 1 0 0 1 0 1 0 1 0 1 0 1 0 0 1 1 0 1 0 1 0 1 0 0 1 0 1 1 0 1 0 1 0 0 1 1 0 
0 0 1 0 1 0 0 1 0 0 1 1 0 0 1 0 1 0 0 1 0 1 1 0 0 1 1 0 1 1 0 1 0 1 0 1 1 0 0 1 1 0 0 1 1 0 1 1 0 0 1 1 0 1 1 0 1 0 0 1 1 0 1 0 
0 1 0 1 0 1 0 0 1 1 0 0 1 1 0 1 1 0 1 0 1 0 1 0 1 1 0 1 1 0 1 0 0 1 1 0 0 1 1 0 0 1 0 1 0 1 0 1 0 1 0 0 1 0 0 1 0 1 1 0 0 1 0 1 
1 0 1 0 0 1 1 0 1 0 0 1 1 0 1 0 0 1 1 0 1 0 0 1 1 0 0 1 0 1 0 0 1 0 0 1 1 0 1 1 0 1 1 0 1 1 0 0 1 0 1 0 1 1 0 0 1 1 0 0 1 0 0 1 
0 1 1 0 1 0 0 1 0 1 1 0 0 1 0 1 0 1 0 1 0 1 1 0 0 1 1 0 1 0 0 1 0 1 0 1 1 0 0 1 1 0 1 1 0 0 1 1 0 1 0 1 0 0 1 0 1 0 0 1 0 1 1 0 
0 1 0 1 1 0 1 0 1 0 0 1 0 1 1 0 1 0 0 1 0 1 0 1 0 0 1 1 0 1 1 0 1 0 1 0 0 1 1 0 0 1 0 1 0 1 0 0 1 1 0 1 0 1 0 1 0 1 1 0 0 1 1 0 
1 0 1 0 0 1 0 1 1 0 0 1 1 0 1 0 0 1 1 0 1 0 1 0 1 1 0 1 0 1 1 0 1 0 0 1 0 1 0 0 1 0 1 0 1 0 1 1 0 0 1 0 1 0 1 0 0 1 1 0 1 0 0 1 
1 0 0 1 1 0 1 0 0 1 1 0 1 0 0 1 0 0 1 0 1 1 0 1 0 0 1 0 1 0 0 1 0 1 1 0 1 0 1 1 0 1 0 1 0 1 0 0 1 1 0 1 0 1 1 0 1 0 0 1 0 1 0 1 
0 1 1 0 0 1 0 1 1 0 0 1 0 1 0 0 1 1 0 1 0 0 1 0 1 0 1 1 0 0 1 1 0 1 0 0 1 0 1 1 0 0 1 0 1 0 1 1 0 1 1 0 1 0 0 1 1 0 0 1 1 0 1 0 
1 0 0 1 0 1 1 0 0 1 1 0 1 0 1 1 0 1 1 0 1 0 0 1 0 1 0 0 1 1 0 0 1 0 0 1 0 1 0 0 1 1 0 1 1 0 0 1 1 0 1 1 0 0 1 0 0 1 1 0 0 1 0 1 
1 0 0 1 1 0 1 0 0 1 0 1 0 1 0 1 1 0 0 1 0 1 0 1 0 0 1 1 0 0 1 1 0 0 1 0 0 1 1 0 1 1 0 1 0 1 1 0 0 1 0 1 0 1 1 0 1 0 0 1 1 0 0 1 
0 1 1 0 0 1 0 1 1 0 1 0 1 1 0 0 1 0 1 0 1 0 1 0 1 0 1 0 0 1 1 0 1 1 0 1 1 0 0 1 0 0 1 0 0 1 1 0 1 0 1 0 1 0 0 1 0 1 1 0 1 0 1 0 
0 1 0 1 0 0 1 0 1 0 0 1 1 0 1 1 0 1 1 0 0 1 1 0 1 1 0 1 1 0 0 1 0 1 0 1 0 0 1 1 0 1 0 1 1 0 0 1 1 0 0 1 0 1 0 1 1 0 1 0 0 1 0 0 
isOptimal = true
time_taken = 2.5996310710906982
