0 0 1 0 1 0 1 1 0 1 0 1 0 1 0 1 1 0 0 1 1 0 0 1 1 0 1 1 0 1 1 0 1 0 1 1 0 1 1 0 0 1 0 0 1 1 0 1 0 1 0 0 1 0 1 0 1 0 0 1 1 0 1 0 1 0 0 1 1 0 1 1 0 1 0 0 1 0 0 1 1 0 1 0 1 0 0 1 1 0 1 1 0 1 0 0 1 0 0 1 1 0 1 0 1 0 1 0 1 1 0 1 0 1 0 0 1 0 0 1 0 0 1 0 0 1 0 1 0 0 1 0 1 0 0 1 0 1 0 0 1 1 0 1 0 1 1 0 0 1 1 0 1 1 0 1 0 1 1 0 1 0 0 1 0 1 0 1 0 1 0 1 0 1 0 1 0 0 1 0 1 1 0 1 1 0 1 1 0 1 0 0 
1 0 1 1 0 1 1 0 1 0 0 1 0 1 1 0 1 0 1 0 0 1 1 0 1 1 0 0 1 0 0 1 0 1 1 0 0 1 1 0 0 1 0 1 0 1 0 1 1 0 0 1 1 0 1 1 0 1 0 1 0 1 0 0 1 0 1 1 0 1 0 1 0 0 1 1 0 1 0 0 1 0 0 1 0 0 1 1 0 1 0 0 1 0 1 0 1 0 1 0 0 1 1 0 0 1 0 1 0 1 1 0 1 0 1 1 0 0 1 0 1 1 0 1 0 1 0 0 1 1 0 0 1 1 0 1 0 0 1 1 0 0 1 0 1 0 0 1 1 0 0 1 0 1 1 0 0 1 0 1 1 0 0 1 1 0 1 0 0 1 0 0 1 0 0 1 1 0 1 1 0 1 1 0 0 1 1 0 1 1 0 0 
0 1 0 1 1 0 0 1 0 0 1 0 1 0 0 1 0 1 0 1 0 0 1 0 0 1 0 1 0 1 0 1 1 0 0 1 1 0 0 1 1 0 1 0 1 0 1 0 1 0 1 1 0 1 0 0 1 0 1 0 1 0 1 1 0 1 1 0 0 1 0 0 1 1 0 1 0 0 1 1 0 1 0 0 1 1 0 0 1 1 0 1 0 1 0 1 0 1 0 0 1 1 0 1 1 0 1 0 1 0 1 1 0 1 0 0 1 1 0 1 0 0 1 0 1 0 1 0 1 0 1 1 0 1 1 0 1 0 1 0 1 1 0 1 1 0 0 1 1 0 1 1 0 0 1 0 1 0 1 0 0 1 1 0 0 1 1 0 1 0 1 0 0 1 1 0 0 1 0 1 0 0 1 0 1 0 0 1 0 0 1 1 
0 1 1 0 1 1 0 1 0 1 0 1 1 0 1 0 1 1 0 0 1 1 0 1 0 0 1 1 0 0 1 0 1 1 0 1 0 1 1 0 1 0 1 0 1 1 0 1 0 1 0 0 1 1 0 0 1 0 1 0 1 0 0 1 1 0 0 1 1 0 1 1 0 0 1 0 1 1 0 1 0 0 1 1 0 1 0 0 1 0 1 0 1 0 1 0 1 1 0 1 1 0 1 0 0 1 1 0 0 1 0 0 1 0 0 1 0 0 1 0 1 1 0 1 1 0 0 1 0 1 1 0 1 0 1 1 0 1 0 1 0 0 1 0 0 1 1 0 0 1 1 0 1 0 0 1 0 1 0 1 0 0 1 0 0 1 0 1 1 0 0 1 0 1 0 1 1 0 1 0 1 0 0 1 0 1 0 1 0 1 0 0 
1 0 0 1 0 0 1 0 1 1 0 1 0 1 0 1 0 0 1 0 0 1 1 0 1 1 0 0 1 1 0 1 0 1 1 0 0 1 0 1 0 1 0 1 0 1 0 1 1 0 1 1 0 0 1 1 0 1 0 1 0 1 1 0 1 0 1 0 1 1 0 1 0 1 1 0 0 1 0 0 1 0 1 0 1 0 1 1 0 1 1 0 1 0 0 1 0 0 1 0 0 1 0 1 0 1 0 1 0 0 1 0 0 1 1 0 1 1 0 1 0 1 1 0 0 1 1 0 1 0 0 1 0 1 0 0 1 1 0 1 0 1 0 0 1 1 0 1 1 0 0 1 0 1 0 1 0 0 1 0 1 0 0 1 1 0 0 1 0 1 0 1 1 0 0 1 0 1 0 0 1 1 0 0 1 0 1 0 1 0 1 1 
0 1 0 0 1 0 1 1 0 0 1 0 1 1 0 0 1 0 0 1 1 0 0 1 0 0 1 0 1 0 1 1 0 0 1 0 1 0 1 0 1 1 0 0 1 0 1 0 0 1 1 0 1 1 0 1 1 0 1 0 1 0 1 0 0 1 0 1 0 0 1 0 1 0 0 1 0 0 1 0 1 1 0 1 0 1 0 1 1 0 0 1 0 1 0 1 1 0 1 1 0 1 1 0 1 0 1 0 1 0 0 1 0 0 1 1 0 0 1 0 1 0 1 1 0 0 1 0 0 1 1 0 1 1 0 1 0 0 1 0 1 1 0 1 1 0 1 0 0 1 1 0 1 0 1 0 1 1 0 0 1 1 0 1 0 0 1 0 0 1 1 0 0 1 1 0 1 0 1 1 0 0 1 1 0 1 0 1 0 1 1 0 
0 0 1 0 0 1 0 1 1 0 1 1 0 0 1 0 1 1 0 0 1 0 1 0 1 0 1 1 0 1 1 0 1 0 0 1 0 1 0 1 0 0 1 1 0 0 1 0 1 1 0 0 1 0 1 0 1 1 0 0 1 0 0 1 0 1 0 0 1 1 0 1 0 1 0 0 1 0 1 1 0 1 0 0 1 0 1 0 0 1 0 1 0 1 1 0 1 1 0 0 1 0 1 0 1 0 1 0 0 1 1 0 1 0 0 1 0 1 0 1 1 0 0 1 1 0 0 1 1 0 1 0 1 0 1 0 1 1 0 1 1 0 1 0 0 1 0 1 1 0 1 0 0 1 0 1 0 1 0 1 0 0 1 0 1 1 0 1 1 0 1 1 0 1 1 0 1 1 0 1 0 1 0 0 1 0 1 0 1 0 0 1 
1 0 1 1 0 1 1 0 1 1 0 0 1 0 1 1 0 0 1 0 0 1 0 1 0 1 0 0 1 0 0 1 0 1 1 0 1 1 0 1 1 0 1 0 1 1 0 1 0 0 1 1 0 0 1 0 0 1 0 1 0 1 1 0 1 0 1 1 0 1 1 0 1 0 1 0 0 1 0 1 0 0 1 0 1 1 0 0 1 0 1 0 1 0 1 1 0 0 1 1 0 1 0 1 0 1 0 1 1 0 1 1 0 1 0 0 1 0 1 0 0 1 1 0 1 1 0 1 0 1 0 1 0 1 0 1 0 1 0 1 0 0 1 1 0 0 1 0 1 0 0 1 0 1 0 0 1 0 1 0 1 0 1 1 0 0 1 1 0 1 0 0 1 0 0 1 0 0 1 0 1 0 1 1 0 1 0 1 0 1 0 0 
0 1 0 0 1 0 1 1 0 1 0 1 0 1 0 1 0 1 0 1 0 1 0 1 0 1 0 1 0 1 0 1 0 1 0 1 1 0 1 0 1 1 0 1 0 1 1 0 1 0 1 0 0 1 0 1 1 0 1 0 1 1 0 0 1 1 0 0 1 0 0 1 0 1 0 1 1 0 1 0 1 0 0 1 0 1 0 1 0 1 0 1 0 1 0 1 0 1 0 0 1 0 1 0 0 1 1 0 1 1 0 1 0 0 1 1 0 1 0 1 0 1 0 1 0 0 1 0 1 0 1 1 0 1 0 0 1 0 1 0 1 1 0 0 1 1 0 1 0 1 0 1 1 0 1 1 0 0 1 0 0 1 0 0 1 1 0 0 1 1 0 0 1 0 1 0 0 1 0 1 0 1 0 1 0 0 1 1 0 1 1 0 
0 1 0 1 0 1 0 0 1 0 1 1 0 1 1 0 1 1 0 0 1 0 1 0 1 0 1 0 0 1 1 0 1 0 0 1 0 1 0 1 0 0 1 0 1 0 0 1 0 1 0 1 1 0 1 1 0 1 0 1 1 0 0 1 0 0 1 0 1 0 1 1 0 1 0 1 0 1 0 1 0 1 1 0 1 0 1 1 0 0 1 0 0 1 0 0 1 1 0 1 1 0 1 0 1 0 0 1 0 0 1 0 1 1 0 1 1 0 0 1 1 0 1 0 1 1 0 0 1 1 0 0 1 0 1 1 0 0 1 1 0 0 1 1 0 0 1 0 0 1 1 0 0 1 0 0 1 1 0 1 1 0 1 0 1 0 0 1 0 0 1 1 0 1 0 0 1 0 1 0 1 0 1 0 1 1 0 0 1 0 1 1 
1 0 1 0 1 0 0 1 0 1 0 0 1 0 1 1 0 0 1 0 1 1 0 1 0 1 0 1 1 0 1 0 0 1 1 0 1 1 0 0 1 1 0 1 1 0 0 1 0 0 1 0 1 0 1 0 0 1 0 1 0 1 1 0 1 1 0 1 0 1 1 0 1 0 1 0 1 0 1 0 0 1 0 1 0 0 1 0 1 0 1 0 1 0 1 0 1 0 1 1 0 1 0 1 0 1 0 1 1 0 0 1 1 0 1 0 1 0 1 0 0 1 0 1 0 0 1 1 0 0 1 1 0 1 0 1 0 1 0 0 1 1 0 0 1 0 0 1 1 0 1 0 1 1 0 1 0 1 0 1 0 1 0 1 0 0 1 0 1 0 0 1 1 0 1 1 0 1 1 0 0 1 1 0 1 0 1 0 0 1 0 0 
0 0 1 0 0 1 1 0 1 0 1 1 0 1 0 0 1 0 1 1 0 0 1 0 1 0 1 1 0 1 0 1 1 0 0 1 0 0 1 0 1 0 1 1 0 1 1 0 1 1 0 1 0 1 0 1 1 0 1 0 1 0 1 1 0 1 1 0 0 1 0 1 0 0 1 1 0 1 0 1 1 0 1 0 1 1 0 0 1 1 0 1 1 0 0 1 0 0 1 0 0 1 1 0 1 0 1 0 0 1 1 0 0 1 0 1 0 1 1 0 1 0 1 0 1 1 0 1 1 0 1 0 0 1 0 0 1 0 0 1 0 0 1 1 0 1 0 0 1 0 0 1 0 0 1 0 1 0 1 0 0 1 0 1 0 1 1 0 0 1 1 0 0 1 0 0 1 1 0 1 1 0 0 1 0 1 0 1 1 0 1 0 
1 1 0 1 0 1 0 0 1 1 0 1 1 0 1 0 0 1 0 1 0 1 0 1 0 1 0 0 1 0 1 0 1 1 0 0 1 0 0 1 0 0 1 0 1 0 0 1 1 0 1 0 1 0 1 0 1 0 1 0 0 1 0 1 0 0 1 0 1 0 1 0 1 1 0 0 1 0 1 1 0 0 1 1 0 0 1 1 0 1 1 0 0 1 1 0 1 1 0 0 1 0 0 1 0 1 1 0 1 0 0 1 1 0 1 1 0 1 0 1 0 0 1 1 0 1 1 0 0 1 0 0 1 0 1 1 0 1 1 0 0 1 0 1 0 1 1 0 0 1 1 0 1 1 0 1 0 1 0 1 1 0 1 0 1 0 0 1 1 0 1 0 1 0 1 1 0 0 1 0 0 1 0 0 1 0 1 0 0 1 0 1 
0 1 1 0 1 0 0 1 0 1 1 0 1 0 0 1 1 0 1 0 1 0 0 1 0 0 1 1 0 1 1 0 0 1 1 0 0 1 1 0 1 1 0 0 1 1 0 1 0 1 0 0 1 0 0 1 0 1 0 1 0 1 1 0 1 0 0 1 0 0 1 1 0 0 1 1 0 1 0 0 1 1 0 0 1 1 0 1 1 0 1 0 1 0 0 1 1 0 0 1 1 0 1 1 0 1 0 1 1 0 1 1 0 0 1 0 1 0 1 1 0 1 0 0 1 0 1 0 1 0 0 1 0 0 1 1 0 1 1 0 1 1 0 0 1 0 1 1 0 0 1 1 0 0 1 0 0 1 1 0 1 0 0 1 0 0 1 0 0 1 0 1 1 0 0 1 1 0 0 1 1 0 1 0 1 0 0 1 1 0 1 0 
1 0 1 0 0 1 1 0 1 0 1 1 0 1 1 0 1 0 1 0 1 0 1 0 1 0 1 0 1 1 0 1 1 0 0 1 1 0 1 0 0 1 0 1 0 0 1 0 1 1 0 1 0 1 0 1 0 1 0 1 1 0 0 1 0 1 0 0 1 1 0 0 1 0 1 1 0 1 1 0 1 1 0 1 0 0 1 0 1 1 0 1 0 1 0 1 0 0 1 1 0 1 1 0 1 0 1 0 0 1 0 0 1 1 0 1 0 1 0 0 1 0 0 1 0 1 0 1 0 1 1 0 0 1 0 0 1 0 0 1 0 0 1 0 0 1 0 0 1 0 0 1 1 0 0 1 1 0 0 1 0 1 1 0 0 1 0 1 1 0 1 0 0 1 1 0 0 1 1 0 1 1 0 1 0 1 1 0 0 1 1 0 
1 0 0 1 0 1 0 1 0 1 0 1 0 1 0 1 0 1 0 1 0 1 0 1 0 1 0 1 0 0 1 0 1 1 0 1 0 1 0 1 1 0 1 0 0 1 0 0 1 0 1 1 0 1 1 0 1 0 1 0 0 1 0 1 1 0 1 0 0 1 0 1 0 1 0 0 1 0 1 1 0 0 1 0 1 0 1 0 0 1 0 0 1 0 1 0 0 1 1 0 1 1 0 0 1 1 0 1 1 0 1 0 1 0 1 1 0 0 1 0 0 1 1 0 1 1 0 0 1 0 1 0 1 0 1 1 0 1 1 0 0 1 0 1 1 0 0 1 0 1 1 0 1 1 0 1 0 0 1 1 0 0 1 0 1 0 1 0 1 1 0 1 0 1 1 0 1 0 0 1 0 0 1 0 1 0 0 1 1 0 0 1 
0 1 0 0 1 0 0 1 0 1 0 0 1 0 1 1 0 1 1 0 0 1 0 0 1 1 0 1 0 0 1 1 0 0 1 0 1 0 1 0 0 1 0 0 1 1 0 1 0 1 1 0 1 0 0 1 0 1 0 1 1 0 1 0 0 1 0 1 0 0 1 0 0 1 1 0 0 1 0 1 0 0 1 1 0 1 0 1 1 0 1 1 0 1 0 1 1 0 0 1 0 0 1 1 0 1 1 0 1 1 0 1 0 1 1 0 1 1 0 1 1 0 1 1 0 0 1 0 1 1 0 1 0 1 0 0 1 0 0 1 1 0 1 0 0 1 1 0 1 0 1 1 0 0 1 0 1 1 0 0 1 0 0 1 0 1 1 0 0 1 1 0 1 0 0 1 0 1 0 1 1 0 1 0 1 0 1 0 0 1 1 0 
0 1 1 0 0 1 1 0 1 0 1 0 1 0 1 0 1 0 0 1 1 0 1 0 1 0 1 0 1 1 0 1 0 1 0 0 1 0 0 1 0 1 0 1 1 0 1 0 1 1 0 1 1 0 1 1 0 0 1 1 0 1 1 0 1 0 1 0 1 1 0 0 1 0 0 1 1 0 1 0 1 1 0 0 1 0 0 1 0 1 0 0 1 1 0 0 1 0 0 1 1 0 1 1 0 0 1 0 0 1 1 0 0 1 0 1 1 0 0 1 0 1 0 1 1 0 0 1 0 1 0 0 1 1 0 0 1 0 1 1 0 1 0 0 1 1 0 1 0 1 0 1 0 1 0 1 0 0 1 1 0 1 0 0 1 0 0 1 1 0 0 1 0 1 0 1 0 1 1 0 0 1 0 1 0 1 0 0 1 0 1 1 
1 0 0 1 1 0 1 0 1 0 1 1 0 1 0 1 0 1 0 1 0 1 0 1 0 0 1 0 1 1 0 0 1 0 1 1 0 1 1 0 1 0 1 1 0 0 1 0 1 0 1 0 0 1 0 0 1 0 1 0 1 0 0 1 0 0 1 1 0 0 1 1 0 1 1 0 1 0 0 1 0 0 1 0 0 1 1 0 1 0 1 1 0 0 1 1 0 1 1 0 1 1 0 0 1 0 0 1 1 0 1 0 1 0 1 0 0 1 1 0 1 0 1 0 0 1 0 1 1 0 1 1 0 0 1 1 0 1 1 0 1 0 1 1 0 0 1 0 0 1 1 0 1 0 0 1 0 1 0 0 1 0 1 1 0 1 1 0 1 0 0 1 0 0 1 0 1 0 0 1 1 0 0 1 0 1 0 1 0 1 0 1 
1 1 0 0 1 1 0 1 0 1 0 1 1 0 1 0 1 0 1 0 1 0 0 1 0 1 0 1 0 0 1 0 0 1 0 0 1 1 0 1 0 1 0 0 1 1 0 1 0 1 0 1 0 1 0 1 0 1 0 1 1 0 1 0 0 1 0 0 1 1 0 1 0 0 1 1 0 1 1 0 0 1 0 1 0 0 1 1 0 1 0 0 1 0 1 0 1 0 0 1 0 0 1 1 0 1 0 1 0 1 0 1 0 0 1 1 0 0 1 0 1 1 0 1 1 0 1 0 0 1 1 0 1 1 0 1 0 1 0 0 1 1 0 1 1 0 0 1 1 0 1 1 0 1 1 0 1 0 0 1 1 0 0 1 0 0 1 0 0 1 1 0 1 0 1 0 1 0 1 0 0 1 1 0 1 0 1 1 0 0 1 0 
0 0 1 0 0 1 0 1 1 0 1 0 1 1 0 1 1 0 1 1 0 1 1 0 1 0 1 1 0 0 1 1 0 0 1 0 1 0 0 1 0 1 0 1 1 0 1 0 1 0 1 0 1 0 1 1 0 0 1 0 0 1 0 0 1 0 0 1 0 1 1 0 1 1 0 1 1 0 0 1 1 0 1 0 1 0 0 1 0 1 0 1 0 1 0 0 1 1 0 1 1 0 0 1 1 0 1 0 1 1 0 0 1 1 0 0 1 1 0 1 0 0 1 0 1 1 0 1 1 0 0 1 0 0 1 0 1 0 0 1 0 0 1 0 1 1 0 1 0 1 0 0 1 0 0 1 0 1 1 0 0 1 0 0 1 1 0 1 1 0 1 1 0 1 0 1 0 1 0 1 0 0 1 0 0 1 0 0 1 1 0 1 
1 0 0 1 0 0 1 0 1 1 0 1 0 0 1 1 0 1 0 1 1 0 0 1 0 0 1 0 1 1 0 1 1 0 0 1 0 1 1 0 1 0 1 0 0 1 1 0 1 0 0 1 0 1 0 0 1 1 0 1 0 1 0 1 0 1 1 0 1 0 1 0 1 1 0 0 1 0 1 0 1 1 0 1 0 1 1 0 1 0 1 0 1 0 0 1 0 0 1 0 0 1 0 0 1 1 0 0 1 0 1 1 0 1 1 0 1 0 0 1 0 1 0 1 0 1 1 0 0 1 0 0 1 0 1 0 1 0 1 1 0 0 1 0 0 1 1 0 0 1 0 1 0 1 1 0 1 0 1 0 0 1 1 0 1 1 0 0 1 1 0 0 1 0 1 0 1 1 0 1 1 0 0 1 1 0 0 1 1 0 1 0 
1 1 0 0 1 0 1 0 0 1 1 0 1 0 1 0 1 1 0 0 1 0 1 0 1 1 0 1 0 1 1 0 1 1 0 0 1 0 0 1 0 1 1 0 0 1 0 1 0 1 1 0 0 1 0 1 0 0 1 0 1 0 1 1 0 1 0 1 1 0 0 1 0 0 1 1 0 1 0 1 0 0 1 1 0 0 1 0 1 0 0 1 0 0 1 1 0 0 1 1 0 0 1 1 0 1 0 1 0 1 0 0 1 0 0 1 0 1 1 0 1 0 1 0 1 0 0 1 1 0 1 1 0 1 0 1 0 1 1 0 1 1 0 1 0 0 1 0 1 0 1 0 1 1 0 0 1 1 0 1 1 0 0 1 0 0 1 1 0 0 1 1 0 1 0 1 0 0 1 0 1 1 0 1 0 0 1 0 0 1 0 1 
0 0 1 1 0 1 0 1 1 0 1 0 1 1 0 1 1 0 1 0 0 1 1 0 0 1 0 0 1 0 0 1 0 0 1 1 0 1 1 0 1 0 0 1 1 0 1 0 1 0 0 1 1 0 1 0 1 0 1 1 0 1 1 0 1 0 1 0 0 1 0 1 0 1 1 0 1 0 1 1 0 1 0 0 1 0 0 1 0 1 1 0 1 1 0 0 1 1 0 0 1 1 0 1 1 0 1 0 1 0 0 1 1 0 1 1 0 0 1 0 1 0 0 1 0 1 0 1 0 0 1 0 1 0 1 0 1 0 0 1 0 0 1 0 1 1 0 1 0 1 0 0 1 0 1 1 0 1 1 0 0 1 0 1 0 0 1 0 1 1 0 1 0 1 0 0 1 0 0 1 0 1 1 0 1 1 0 0 1 1 0 0 
0 1 0 0 1 0 0 1 0 1 0 1 0 0 1 0 0 1 0 1 1 0 0 1 0 0 1 1 0 0 1 1 0 1 1 0 0 1 1 0 0 1 1 0 0 1 0 1 0 1 0 0 1 0 0 1 0 1 0 0 1 0 0 1 0 1 0 1 1 0 1 0 1 0 0 1 0 1 0 0 1 1 0 0 1 1 0 1 1 0 1 1 0 1 1 0 1 0 0 1 0 1 1 0 0 1 1 0 0 1 1 0 0 1 1 0 1 1 0 1 0 1 0 1 1 0 1 0 0 1 0 1 0 1 0 0 1 0 1 0 1 1 0 1 1 0 1 1 0 0 1 1 0 0 1 0 1 0 1 1 0 1 1 0 1 1 0 1 0 1 1 0 1 0 1 0 1 1 0 0 1 0 1 1 0 1 0 1 0 0 1 0 
1 0 0 1 1 0 1 0 1 0 0 1 1 0 1 1 0 1 0 1 0 1 1 0 1 1 0 0 1 1 0 0 1 0 0 1 1 0 0 1 0 0 1 1 0 1 1 0 0 1 1 0 0 1 0 0 1 0 1 1 0 1 0 0 1 0 1 0 1 0 0 1 0 1 1 0 1 0 1 1 0 0 1 1 0 1 1 0 0 1 0 0 1 0 0 1 0 1 1 0 1 0 0 1 1 0 0 1 0 0 1 0 0 1 0 0 1 0 0 1 1 0 1 0 1 1 0 1 1 0 1 1 0 0 1 1 0 1 0 0 1 0 1 0 0 1 0 0 1 1 0 0 1 1 0 0 1 1 0 1 1 0 1 1 0 1 0 0 1 0 1 1 0 1 0 1 0 0 1 1 0 1 0 0 1 0 1 0 1 0 1 1 
1 0 1 1 0 1 0 1 0 1 1 0 0 1 0 0 1 0 1 0 1 0 1 1 0 1 1 0 0 1 1 0 1 0 0 1 0 1 0 0 1 1 0 0 1 0 0 1 1 0 0 1 1 0 1 1 0 1 0 1 0 0 1 1 0 1 0 1 0 1 0 1 1 0 0 1 1 0 1 0 0 1 0 1 1 0 0 1 0 0 1 0 0 1 1 0 0 1 0 1 1 0 0 1 0 1 1 0 1 1 0 1 1 0 0 1 0 0 1 0 0 1 1 0 0 1 0 1 0 1 1 0 1 0 0 1 1 0 1 1 0 0 1 0 1 0 1 0 1 1 0 0 1 0 0 1 0 0 1 0 1 1 0 0 1 0 1 1 0 1 0 1 0 1 1 0 1 0 0 1 1 0 0 1 0 1 1 0 0 1 0 1 
0 1 0 0 1 0 1 1 0 1 1 0 1 0 0 1 1 0 1 0 0 1 0 0 1 0 0 1 0 0 1 1 0 1 1 0 1 0 1 1 0 1 0 1 0 1 1 0 0 1 0 1 0 0 1 1 0 0 1 0 1 1 0 0 1 0 0 1 0 0 1 0 1 0 1 0 0 1 0 1 1 0 1 0 0 1 1 0 1 1 0 1 0 1 1 0 1 0 1 1 0 1 1 0 1 0 0 1 1 0 0 1 0 1 1 0 0 1 1 0 1 1 0 1 1 0 1 0 1 1 0 1 0 1 1 0 0 1 1 0 0 1 0 1 1 0 1 1 0 0 1 1 0 1 1 0 0 1 0 1 0 0 1 0 1 0 1 0 0 1 0 0 1 0 0 1 0 1 1 0 0 1 1 0 0 1 0 1 0 0 1 0 
1 0 1 0 1 1 0 0 1 0 0 1 1 0 1 0 0 1 0 1 0 1 0 1 0 0 1 0 1 1 0 0 1 1 0 1 0 0 1 0 1 0 1 0 1 1 0 1 1 0 1 0 0 1 0 0 1 1 0 1 1 0 1 1 0 0 1 0 1 1 0 1 0 1 0 0 1 1 0 0 1 0 0 1 1 0 0 1 1 0 0 1 1 0 0 1 1 0 1 0 1 0 0 1 0 1 0 1 0 0 1 0 0 1 0 1 1 0 0 1 1 0 1 0 0 1 0 1 0 0 1 0 1 1 0 1 0 1 0 0 1 0 1 1 0 1 0 1 1 0 0 1 1 0 0 1 1 0 1 0 1 1 0 1 0 1 0 1 1 0 1 1 0 1 1 0 0 1 0 1 0 0 1 0 1 0 0 1 1 0 1 0 
0 0 1 1 0 1 0 1 1 0 0 1 0 1 1 0 0 1 0 1 1 0 1 0 0 1 1 0 1 0 0 1 1 0 1 1 0 1 0 0 1 1 0 1 0 0 1 0 0 1 0 0 1 0 1 1 0 0 1 1 0 0 1 0 1 1 0 0 1 0 1 0 0 1 0 1 0 0 1 1 0 1 0 1 0 1 0 1 0 1 1 0 1 0 1 1 0 1 0 1 0 1 0 1 1 0 1 0 0 1 1 0 1 0 1 0 1 0 1 1 0 1 0 1 1 0 0 1 0 1 0 1 0 0 1 0 1 0 1 1 0 1 0 0 1 1 0 0 1 1 0 0 1 1 0 0 1 0 0 1 0 0 1 1 0 0 1 1 0 1 0 0 1 0 1 0 1 0 1 0 1 1 0 1 0 1 1 0 0 1 0 1 
1 1 0 1 0 0 1 0 0 1 1 0 0 1 0 1 1 0 1 0 1 0 0 1 1 0 0 1 0 0 1 0 0 1 0 0 1 0 1 1 0 1 0 1 0 1 0 1 1 0 0 1 1 0 0 1 0 1 1 0 0 1 0 1 0 0 1 1 0 1 0 1 1 0 1 0 1 0 0 1 0 1 1 0 0 1 1 0 1 0 0 1 0 1 1 0 0 1 0 1 1 0 1 0 0 1 1 0 1 0 0 1 1 0 1 0 0 1 0 0 1 0 1 0 1 0 1 0 1 0 0 1 0 1 0 0 1 1 0 1 0 1 0 1 1 0 1 1 0 0 1 1 0 0 1 0 0 1 0 1 1 0 1 0 1 1 0 0 1 0 0 1 1 0 0 1 1 0 1 1 0 1 0 1 0 1 1 0 1 0 1 1 
1 0 1 0 1 0 1 1 0 1 0 1 1 0 1 0 1 0 1 0 0 1 0 1 0 0 1 1 0 1 0 1 1 0 1 1 0 0 1 1 0 0 1 0 1 0 0 1 0 1 1 0 0 1 0 0 1 0 0 1 1 0 1 0 1 0 1 0 1 1 0 1 1 0 1 0 0 1 1 0 1 0 1 0 1 0 1 1 0 1 0 1 0 1 0 0 1 0 1 0 1 1 0 1 1 0 0 1 0 1 0 1 0 1 0 1 0 0 1 1 0 0 1 0 0 1 1 0 0 1 1 0 1 0 1 1 0 1 1 0 1 0 1 0 0 1 0 1 0 1 1 0 1 0 0 1 1 0 1 0 0 1 0 1 0 1 0 0 1 0 1 0 0 1 1 0 0 1 0 0 1 0 1 0 1 0 0 1 0 1 1 0 
0 1 0 0 1 1 0 0 1 0 0 1 1 0 0 1 0 1 0 1 0 0 1 0 1 1 0 0 1 0 1 1 0 1 1 0 0 1 0 0 1 0 1 0 0 1 1 0 1 1 0 1 0 1 1 0 1 1 0 0 1 0 0 1 0 1 0 0 1 0 1 0 0 1 0 1 0 1 1 0 0 1 0 1 0 1 0 1 1 0 1 0 1 0 1 1 0 1 0 1 0 0 1 0 1 0 1 0 0 1 1 0 0 1 0 0 1 1 0 0 1 1 0 1 1 0 0 1 1 0 1 0 1 0 0 1 1 0 1 1 0 1 0 1 0 0 1 0 1 0 0 1 0 1 1 0 1 0 1 0 1 1 0 1 1 0 1 1 0 1 0 1 1 0 0 1 1 0 1 1 0 0 1 0 0 1 0 1 0 1 0 1 
1 1 0 1 0 1 0 1 0 0 1 0 0 1 0 0 1 0 1 0 1 1 0 1 0 0 1 0 1 0 1 0 1 0 0 1 1 0 1 1 0 1 0 1 1 0 1 1 0 0 1 0 1 0 0 1 0 0 1 1 0 1 1 0 0 1 0 1 0 0 1 1 0 0 1 0 1 0 0 1 0 0 1 0 1 1 0 0 1 0 0 1 0 1 1 0 1 1 0 1 1 0 1 0 0 1 1 0 1 0 0 1 1 0 1 0 1 1 0 1 1 0 1 1 0 0 1 1 0 1 0 1 0 1 1 0 0 1 0 0 1 0 1 0 1 1 0 0 1 1 0 1 0 1 1 0 0 1 0 1 0 0 1 0 0 1 0 1 1 0 1 0 0 1 1 0 0 1 0 0 1 1 0 1 0 1 1 0 1 0 0 1 
0 0 1 1 0 0 1 0 0 1 0 0 1 0 1 1 0 0 1 0 1 0 0 1 0 0 1 1 0 1 0 1 0 1 1 0 1 1 0 0 1 1 0 0 1 1 0 1 1 0 0 1 0 1 1 0 0 1 1 0 1 0 0 1 1 0 1 0 1 1 0 0 1 0 1 0 1 1 0 1 1 0 0 1 1 0 1 0 0 1 1 0 1 0 0 1 1 0 1 0 1 1 0 1 1 0 0 1 0 1 0 1 0 0 1 1 0 0 1 1 0 0 1 0 0 1 0 0 1 0 1 1 0 1 0 0 1 1 0 1 1 0 1 0 1 0 1 1 0 0 1 0 1 0 0 1 1 0 1 0 1 0 1 0 1 0 1 0 0 1 0 1 1 0 1 1 0 1 0 1 0 1 0 1 1 0 0 1 0 0 1 0 
0 0 1 0 1 1 0 1 1 0 1 1 0 0 1 0 1 1 0 1 0 1 1 0 1 1 0 0 1 0 0 1 1 0 0 1 0 0 1 1 0 0 1 1 0 0 1 0 0 1 1 0 1 0 1 0 1 0 0 1 1 0 1 0 0 1 0 1 0 0 1 0 0 1 0 1 0 1 1 0 0 1 1 0 0 1 0 1 0 1 0 0 1 1 0 1 0 0 1 1 0 1 1 0 0 1 1 0 1 0 1 0 1 1 0 0 1 0 1 0 1 1 0 1 1 0 1 0 1 1 0 0 1 0 1 1 0 0 1 0 0 1 0 1 0 1 0 1 1 0 0 1 0 1 1 0 0 1 1 0 0 1 0 1 1 0 0 1 1 0 1 0 1 0 0 1 1 0 1 0 1 0 1 0 1 0 1 0 1 1 0 0 
1 1 0 0 1 0 1 0 1 1 0 1 0 1 0 0 1 0 0 1 1 0 0 1 0 0 1 1 0 1 1 0 1 0 1 0 1 1 0 0 1 1 0 0 1 1 0 0 1 1 0 0 1 1 0 1 0 1 0 1 0 1 0 0 1 1 0 1 1 0 0 1 1 0 1 1 0 0 1 0 0 1 0 1 1 0 1 0 1 0 1 1 0 1 1 0 1 1 0 0 1 0 0 1 0 1 0 1 0 1 0 1 0 1 0 1 0 1 0 1 0 0 1 0 1 0 0 1 0 0 1 0 1 0 1 0 1 0 1 1 0 0 1 0 0 1 1 0 1 1 0 0 1 0 0 1 1 0 0 1 0 1 0 1 0 1 1 0 0 1 0 1 0 1 1 0 0 1 0 1 1 0 0 1 0 1 1 0 0 1 0 1 
0 1 0 1 0 0 1 0 0 1 1 0 1 0 0 1 0 1 1 0 0 1 1 0 0 1 0 1 0 0 1 0 0 1 0 1 0 1 1 0 0 1 1 0 1 0 1 1 0 0 1 1 0 1 0 1 0 1 1 0 1 0 1 1 0 0 1 0 1 1 0 1 0 1 1 0 1 0 0 1 1 0 1 0 1 0 1 1 0 1 0 0 1 0 1 0 0 1 1 0 0 1 0 1 1 0 1 1 0 0 1 1 0 0 1 1 0 1 0 0 1 1 0 1 0 1 0 1 1 0 0 1 0 1 0 1 0 1 0 0 1 0 0 1 1 0 1 0 0 1 1 0 0 1 1 0 1 1 0 0 1 0 1 0 0 1 0 1 1 0 1 1 0 0 1 1 0 0 1 0 0 1 1 0 1 0 0 1 1 0 1 0 
1 0 1 0 0 1 0 1 1 0 0 1 0 1 1 0 1 0 0 1 1 0 1 0 1 1 0 0 1 0 0 1 0 1 1 0 1 0 0 1 1 0 0 1 0 1 0 1 0 0 1 1 0 0 1 0 1 0 0 1 0 1 0 1 0 1 1 0 0 1 1 0 1 0 0 1 0 1 0 1 1 0 1 1 0 1 0 1 0 0 1 1 0 1 0 1 1 0 0 1 1 0 1 0 1 1 0 0 1 1 0 0 1 1 0 0 1 0 1 1 0 0 1 1 0 0 1 0 0 1 0 0 1 0 1 0 1 0 1 1 0 1 1 0 0 1 0 1 1 0 0 1 1 0 0 1 0 0 1 1 0 1 0 1 1 0 1 0 0 1 0 0 1 1 0 0 1 1 0 0 1 0 1 1 0 1 0 1 0 0 1 1 
1 0 0 1 1 0 1 1 0 0 1 1 0 0 1 1 0 1 0 1 0 1 0 1 0 0 1 0 1 1 0 0 1 0 0 1 1 0 0 1 0 0 1 0 1 0 1 0 1 1 0 0 1 1 0 0 1 1 0 0 1 0 1 0 1 1 0 1 1 0 0 1 0 1 0 1 0 1 1 0 0 1 0 1 0 0 1 0 1 0 1 0 0 1 1 0 0 1 1 0 1 1 0 1 0 0 1 1 0 1 0 1 1 0 1 1 0 0 1 1 0 0 1 0 1 1 0 0 1 0 1 0 0 1 1 0 0 1 0 1 1 0 1 0 1 1 0 1 0 0 1 1 0 1 1 0 1 0 1 0 0 1 1 0 0 1 0 0 1 0 1 0 1 1 0 0 1 0 0 1 0 1 0 0 1 0 1 0 1 1 0 1 
0 1 1 0 0 1 1 0 0 1 1 0 1 1 0 0 1 0 1 0 1 1 0 1 1 0 1 1 0 0 1 1 0 0 1 1 0 1 1 0 0 1 0 1 0 1 0 1 0 0 1 0 0 1 0 1 0 0 1 0 1 0 0 1 0 0 1 1 0 0 1 0 1 0 1 0 1 0 0 1 0 1 1 0 1 1 0 0 1 1 0 1 1 0 0 1 1 0 0 1 0 0 1 0 0 1 0 0 1 0 1 0 0 1 1 0 1 1 0 0 1 1 0 1 1 0 1 1 0 1 0 1 1 0 0 1 1 0 1 0 0 1 0 1 0 0 1 0 0 1 1 0 1 0 1 0 1 1 0 0 1 0 0 1 1 0 1 1 0 0 1 1 0 0 1 1 0 0 1 1 0 0 1 1 0 1 1 0 1 1 0 0 
1 0 0 1 1 0 0 1 1 0 0 1 0 0 1 1 0 1 1 0 1 0 1 0 0 1 0 0 1 1 0 1 0 1 1 0 0 1 1 0 1 0 1 0 1 0 1 0 0 1 0 1 1 0 1 0 1 1 0 1 0 1 1 0 1 0 1 0 0 1 1 0 0 1 0 1 1 0 1 0 1 0 1 0 1 1 0 1 0 1 1 0 1 1 0 1 0 1 1 0 0 1 0 1 1 0 0 1 0 1 0 0 1 0 0 1 0 1 1 0 1 0 1 0 0 1 0 1 1 0 1 1 0 0 1 0 0 1 0 0 1 1 0 1 1 0 1 0 1 0 0 1 0 1 0 1 0 1 0 1 0 1 0 0 1 1 0 0 1 1 0 0 1 0 1 0 0 1 0 0 1 0 1 0 0 1 0 1 0 0 1 1 
1 1 0 1 1 0 1 0 0 1 1 0 1 1 0 1 0 1 0 1 0 1 1 0 0 1 0 1 1 0 1 0 1 0 0 1 1 0 0 1 0 0 1 0 0 1 0 0 1 1 0 1 0 1 0 1 0 0 1 0 0 1 0 1 0 1 0 0 1 1 0 1 0 1 1 0 0 1 1 0 1 1 0 1 0 0 1 1 0 0 1 0 0 1 1 0 1 0 1 0 1 0 1 1 0 1 1 0 1 0 1 1 0 0 1 0 1 0 0 1 0 1 1 0 0 1 1 0 0 1 1 0 1 1 0 1 1 0 0 1 0 0 1 0 0 1 0 1 0 0 1 0 0 1 0 0 1 0 1 0 1 0 1 1 0 0 1 0 1 0 1 0 1 1 0 1 1 0 1 0 0 1 0 1 1 0 1 0 1 1 0 0 
0 1 1 0 0 1 0 1 1 0 0 1 0 0 1 0 1 0 1 0 1 0 0 1 1 0 1 1 0 0 1 0 1 0 1 0 1 1 0 0 1 1 0 1 0 0 1 1 0 0 1 0 1 0 1 1 0 1 0 0 1 0 1 0 1 1 0 1 0 0 1 0 1 0 1 0 1 0 0 1 0 1 0 0 1 1 0 0 1 1 0 1 1 0 0 1 0 1 0 1 0 1 0 0 1 0 1 0 1 1 0 0 1 1 0 1 0 1 1 0 1 1 0 1 1 0 1 0 1 0 0 1 0 1 0 0 1 0 1 1 0 1 0 0 1 1 0 1 0 1 0 0 1 0 1 1 0 0 1 0 1 1 0 0 1 0 1 1 0 1 0 1 0 1 1 0 1 1 0 1 0 0 1 0 0 1 0 1 1 0 1 0 
1 0 0 1 0 0 1 0 1 0 1 0 0 1 0 1 0 1 0 1 0 1 0 1 0 1 1 0 1 1 0 1 0 1 1 0 0 1 1 0 1 1 0 1 1 0 1 0 0 1 0 1 0 1 0 0 1 0 0 1 1 0 0 1 0 0 1 0 1 1 0 1 0 1 0 1 1 0 1 0 1 0 1 1 0 1 0 1 1 0 0 1 1 0 1 0 0 1 0 0 1 0 1 0 0 1 0 1 0 0 1 0 1 1 0 1 1 0 1 0 1 0 1 0 0 1 0 1 1 0 0 1 0 0 1 0 0 1 0 0 1 0 1 1 0 0 1 0 1 1 0 1 0 0 1 0 0 1 0 1 0 0 1 1 0 1 0 1 1 0 1 0 1 0 1 1 0 1 1 0 1 0 1 1 0 0 1 1 0 1 0 1 
0 1 1 0 1 0 0 1 0 1 0 0 1 0 1 1 0 1 1 0 1 0 1 0 1 1 0 1 0 1 1 0 1 0 0 1 1 0 0 1 0 0 1 0 1 1 0 1 1 0 0 1 1 0 1 0 0 1 1 0 0 1 0 0 1 1 0 1 0 0 1 0 0 1 1 0 0 1 1 0 0 1 1 0 1 0 1 0 0 1 1 0 0 1 0 1 1 0 1 1 0 1 0 1 0 1 1 0 1 1 0 1 0 0 1 0 1 1 0 1 0 1 0 0 1 0 1 0 0 1 1 0 1 0 1 1 0 1 1 0 1 0 0 1 0 1 0 0 1 0 1 0 0 1 0 1 1 0 1 1 0 0 1 0 0 1 1 0 0 1 0 1 0 1 0 0 1 0 1 0 1 1 0 0 1 1 0 0 1 0 1 0 
1 1 0 1 0 1 1 0 1 1 0 1 0 1 0 0 1 0 1 1 0 1 0 1 0 0 1 0 1 0 1 1 0 0 1 1 0 1 1 0 0 1 1 0 0 1 1 0 0 1 1 0 0 1 0 1 1 0 1 0 0 1 1 0 0 1 0 0 1 0 1 0 1 0 1 0 1 1 0 1 1 0 0 1 1 0 0 1 0 1 0 1 0 1 0 1 0 1 0 0 1 0 0 1 1 0 1 0 1 0 0 1 1 0 0 1 0 1 0 1 0 1 0 1 0 1 0 1 0 0 1 0 1 1 0 1 1 0 0 1 0 1 0 0 1 0 1 1 0 1 0 1 1 0 1 0 1 0 1 0 1 1 0 0 1 0 0 1 1 0 0 1 0 1 0 0 1 1 0 1 0 1 0 0 1 1 0 0 1 0 0 1 
1 0 0 1 1 0 0 1 1 0 1 1 0 0 1 0 0 1 0 0 1 0 1 0 1 1 0 1 0 1 0 1 0 1 0 0 1 1 0 0 1 0 0 1 0 0 1 0 1 1 0 1 1 0 1 0 0 1 0 1 1 0 0 1 0 0 1 1 0 1 0 1 1 0 0 1 1 0 1 0 1 0 0 1 0 1 1 0 1 0 1 0 1 0 1 0 1 0 0 1 0 1 1 0 0 1 0 1 0 1 1 0 0 1 1 0 1 0 1 0 1 0 1 0 0 1 0 0 1 0 0 1 0 1 1 0 0 1 1 0 1 0 1 1 0 1 0 1 0 1 1 0 1 1 0 1 0 1 0 1 1 0 0 1 0 0 1 0 1 0 1 0 1 0 1 1 0 1 0 0 1 0 1 1 0 0 1 1 0 1 1 0 
0 1 1 0 0 1 1 0 0 1 0 0 1 0 0 1 0 1 0 1 1 0 0 1 0 1 0 1 0 1 0 0 1 0 1 1 0 0 1 1 0 1 0 0 1 1 0 1 0 0 1 0 1 0 0 1 0 0 1 0 1 0 1 0 1 0 1 0 1 0 1 0 0 1 1 0 0 1 0 1 0 1 1 0 1 0 1 1 0 1 1 0 1 1 0 1 0 1 1 0 0 1 0 1 1 0 1 1 0 1 1 0 1 0 1 0 0 1 1 0 1 1 0 1 1 0 1 1 0 1 0 0 1 0 0 1 0 0 1 0 1 1 0 1 1 0 1 0 1 0 0 1 0 0 1 1 0 0 1 0 0 1 1 0 1 1 0 1 0 1 0 1 0 0 1 1 0 0 1 0 0 1 0 0 1 1 0 1 1 0 0 1 
1 0 1 1 0 0 1 1 0 0 1 1 0 1 0 0 1 0 1 0 0 1 1 0 1 0 1 0 1 0 1 0 1 1 0 1 1 0 0 1 1 0 1 1 0 0 1 0 0 1 1 0 0 1 1 0 1 0 1 1 0 1 0 0 1 1 0 1 0 1 0 0 1 0 0 1 1 0 1 1 0 0 1 1 0 1 0 0 1 1 0 1 0 0 1 0 1 0 0 1 1 0 0 1 0 1 0 0 1 0 0 1 1 0 0 1 1 0 0 1 0 1 1 0 0 1 1 0 0 1 1 0 1 1 0 0 1 1 0 1 0 0 1 0 0 1 0 1 0 1 0 1 0 1 0 0 1 1 0 1 1 0 1 1 0 1 0 0 1 0 1 1 0 1 0 0 1 0 1 1 0 0 1 0 1 0 1 0 0 1 1 0 
0 1 0 0 1 1 0 0 1 1 0 0 1 0 1 1 0 1 0 1 0 1 0 1 1 0 0 1 1 0 0 1 0 0 1 0 0 1 1 0 1 0 0 1 0 1 0 0 1 1 0 1 1 0 1 0 1 1 0 0 1 1 0 1 0 1 0 1 0 0 1 1 0 1 0 1 0 0 1 0 1 1 0 0 1 0 1 0 1 0 0 1 1 0 0 1 0 1 0 0 1 0 1 0 1 0 1 1 0 1 0 1 0 1 0 1 1 0 1 1 0 0 1 0 1 1 0 1 1 0 0 1 0 0 1 1 0 0 1 1 0 1 1 0 1 0 0 1 1 0 1 0 1 0 1 0 1 0 1 0 1 1 0 0 1 0 1 0 1 0 1 0 1 1 0 1 0 1 0 0 1 0 1 1 0 1 0 0 1 0 0 1 
1 0 1 1 0 1 0 1 0 0 1 1 0 1 1 0 0 1 0 0 1 0 1 0 0 1 1 0 0 1 0 1 0 1 1 0 0 1 0 1 0 1 1 0 1 1 0 1 0 0 1 0 1 0 0 1 0 1 0 0 1 0 1 1 0 0 1 0 1 1 0 1 1 0 1 0 1 1 0 0 1 0 1 1 0 1 0 1 0 1 1 0 1 1 0 0 1 0 1 1 0 1 1 0 0 1 0 0 1 0 1 0 0 1 1 0 0 1 0 0 1 1 0 1 0 0 1 0 0 1 0 0 1 0 1 0 1 1 0 0 1 1 0 1 0 1 1 0 1 1 0 0 1 1 0 1 0 0 1 1 0 1 0 1 0 1 0 1 0 1 0 1 0 0 1 0 1 0 1 1 0 1 0 1 0 0 1 1 0 1 0 0 
0 1 1 0 1 0 1 1 0 0 1 0 1 1 0 1 1 0 1 0 1 0 1 0 1 0 1 0 1 0 1 0 1 1 0 1 1 0 1 0 0 1 1 0 1 0 1 0 1 0 0 1 0 1 0 1 1 0 1 1 0 1 0 0 1 1 0 1 0 0 1 0 1 0 1 0 0 1 0 1 0 1 0 1 1 0 1 0 0 1 1 0 0 1 1 0 0 1 0 0 1 1 0 1 0 0 1 1 0 0 1 0 1 0 1 0 1 0 1 0 1 0 0 1 1 0 0 1 0 1 1 0 0 1 0 0 1 0 1 1 0 0 1 0 1 0 0 1 0 0 1 1 0 0 1 0 0 1 0 1 1 0 1 0 1 0 1 0 1 0 0 1 0 1 0 1 0 1 1 0 1 0 1 0 1 1 0 1 0 0 1 1 
1 1 0 0 1 0 1 0 1 1 0 0 1 0 1 0 1 0 1 1 0 1 0 1 0 1 0 1 0 1 0 1 1 0 0 1 1 0 0 1 1 0 0 1 0 0 1 1 0 1 1 0 0 1 1 0 0 1 0 1 0 0 1 0 0 1 1 0 1 1 0 1 0 1 0 1 1 0 1 0 1 0 1 0 0 1 0 1 1 0 0 1 0 0 1 1 0 0 1 0 1 0 1 0 1 1 0 0 1 1 0 1 1 0 0 1 1 0 0 1 0 1 1 0 0 1 1 0 1 0 0 1 0 1 0 1 0 1 0 1 1 0 1 0 0 1 1 0 1 0 0 1 0 1 0 1 1 0 1 0 1 0 1 0 0 1 0 1 0 1 1 0 1 0 1 0 1 0 0 1 0 0 1 0 1 0 1 0 1 0 1 0 
1 0 0 1 0 1 0 0 1 0 0 1 0 1 0 1 0 1 0 1 1 0 1 0 1 1 0 0 1 0 1 0 0 1 1 0 0 1 0 1 0 1 0 1 0 1 0 0 1 1 0 0 1 0 0 1 1 0 1 0 1 1 0 1 1 0 0 1 0 1 0 1 1 0 1 1 0 1 1 0 1 1 0 0 1 1 0 0 1 1 0 1 1 0 0 1 1 0 0 1 0 1 0 0 1 0 1 1 0 0 1 0 0 1 1 0 0 1 1 0 1 0 0 1 0 0 1 1 0 1 1 0 1 0 1 0 0 1 1 0 0 1 0 1 1 0 0 1 0 1 0 0 1 0 0 1 0 1 0 1 0 1 0 1 1 0 1 0 1 0 0 1 1 0 1 1 0 1 1 0 0 1 0 1 0 0 1 1 0 1 0 1 
0 0 1 0 1 0 0 1 0 1 1 0 1 1 0 0 1 0 1 0 0 1 0 1 0 0 1 0 1 0 1 0 0 1 1 0 0 1 1 0 1 0 1 0 1 0 1 0 1 0 1 1 0 0 1 0 1 1 0 1 1 0 1 1 0 0 1 1 0 0 1 0 1 1 0 0 1 0 0 1 0 0 1 1 0 0 1 1 0 0 1 0 0 1 1 0 0 1 1 0 0 1 0 1 0 1 0 0 1 1 0 0 1 0 0 1 0 1 1 0 1 0 1 0 1 1 0 0 1 1 0 1 1 0 1 0 1 0 1 0 1 1 0 0 1 1 0 0 1 0 1 1 0 1 1 0 1 1 0 1 0 1 0 0 1 0 1 1 0 0 1 1 0 1 0 1 0 0 1 0 1 1 0 0 1 1 0 0 1 0 1 1 
1 1 0 1 0 1 1 0 1 0 1 1 0 0 1 0 1 0 0 1 0 1 0 1 1 0 1 1 0 1 0 1 1 0 0 1 1 0 0 1 1 0 1 0 1 0 0 1 0 0 1 0 0 1 1 0 0 1 1 0 0 1 0 0 1 1 0 0 1 1 0 1 0 0 1 1 0 0 1 0 1 0 1 0 1 0 0 1 1 0 0 1 1 0 0 1 1 0 1 0 1 0 1 1 0 1 0 0 1 0 1 1 0 1 1 0 1 0 0 1 0 1 1 0 0 1 0 1 0 0 1 1 0 1 0 1 1 0 0 1 1 0 1 0 0 1 1 0 0 1 1 0 1 1 0 0 1 0 1 0 1 0 1 1 0 1 0 1 0 1 1 0 0 1 0 0 1 0 0 1 0 0 1 0 1 0 1 1 0 0 1 0 
0 1 1 0 1 0 0 1 0 1 0 0 1 1 0 1 0 1 1 0 1 0 1 0 1 1 0 1 0 1 1 0 1 0 1 0 1 0 1 1 0 1 0 1 0 1 1 0 1 1 0 0 1 0 0 1 0 0 1 0 1 0 1 0 1 0 0 1 0 0 1 0 1 0 1 0 0 1 0 0 1 1 0 1 0 1 1 0 0 1 1 0 0 1 1 0 1 1 0 1 0 0 1 0 1 0 1 1 0 0 1 1 0 0 1 1 0 0 1 0 1 1 0 1 0 0 1 0 1 1 0 0 1 0 0 1 0 1 0 1 0 1 0 1 1 0 0 1 1 0 0 1 0 0 1 1 0 0 1 1 0 1 0 0 1 0 1 0 1 1 0 0 1 0 1 0 1 1 0 1 1 0 0 1 0 1 0 0 1 1 0 1 
1 0 0 1 1 0 0 1 0 0 1 0 1 0 1 0 0 1 0 1 0 0 1 0 0 1 1 0 1 0 1 1 0 1 1 0 0 1 0 0 1 0 1 0 1 1 0 0 1 1 0 1 0 1 0 0 1 1 0 1 0 1 0 1 0 1 1 0 1 0 0 1 0 1 0 0 1 0 1 1 0 1 1 0 1 0 1 0 0 1 0 1 1 0 1 1 0 0 1 0 0 1 0 1 0 1 1 0 1 1 0 0 1 1 0 0 1 1 0 1 0 0 1 0 1 0 0 1 1 0 0 1 0 1 1 0 0 1 1 0 0 1 1 0 0 1 1 0 1 1 0 0 1 1 0 0 1 1 0 1 0 0 1 1 0 1 0 1 0 0 1 1 0 1 0 1 0 1 1 0 1 1 0 1 1 0 0 1 0 1 0 0 
0 0 1 1 0 1 1 0 1 1 0 1 0 1 1 0 1 0 0 1 0 1 0 1 1 0 0 1 0 1 0 0 1 1 0 1 0 0 1 1 0 0 1 1 0 0 1 1 0 0 1 1 0 0 1 1 0 0 1 0 0 1 1 0 1 0 0 1 0 1 1 0 1 0 0 1 1 0 0 1 1 0 0 1 1 0 0 1 1 0 0 1 0 1 0 0 1 0 0 1 1 0 1 0 1 0 0 1 0 0 1 1 0 0 1 0 0 1 0 0 1 0 1 1 0 1 1 0 0 1 1 0 1 1 0 1 1 0 0 1 1 0 0 1 1 0 1 1 0 0 1 0 0 1 0 1 0 0 1 0 1 1 0 0 1 0 1 0 1 1 0 0 1 1 0 1 0 0 1 1 0 1 1 0 0 1 1 0 1 0 1 1 
1 1 0 0 1 1 0 0 1 0 1 0 1 1 0 1 1 0 1 0 1 0 1 1 0 0 1 0 1 0 0 1 0 0 1 0 1 1 0 0 1 1 0 0 1 0 0 1 0 1 1 0 1 1 0 0 1 1 0 1 1 0 0 1 0 1 0 0 1 0 0 1 1 0 1 1 0 1 1 0 1 0 1 0 0 1 0 0 1 0 1 0 1 0 1 1 0 1 1 0 1 1 0 1 0 1 0 0 1 1 0 1 1 0 1 1 0 0 1 0 1 1 0 0 1 0 0 1 1 0 0 1 0 0 1 0 1 0 1 1 0 0 1 0 0 1 0 0 1 1 0 1 0 0 1 0 1 0 0 1 1 0 1 0 1 0 1 0 1 0 0 1 0 0 1 0 1 1 0 0 1 0 1 0 1 0 1 0 1 1 0 1 
1 1 0 1 0 0 1 1 0 1 0 0 1 0 0 1 0 1 1 0 0 1 1 0 1 1 0 1 0 0 1 1 0 1 0 1 0 0 1 0 1 1 0 1 0 1 0 0 1 1 0 1 1 0 0 1 1 0 1 1 0 1 0 1 1 0 1 0 1 0 1 0 0 1 0 0 1 0 0 1 0 1 0 1 0 0 1 0 0 1 0 1 0 0 1 0 0 1 1 0 0 1 1 0 0 1 1 0 0 1 1 0 1 1 0 0 1 0 1 1 0 1 0 1 0 1 1 0 1 1 0 0 1 0 1 0 0 1 0 0 1 1 0 1 1 0 1 1 0 1 0 0 1 0 1 1 0 1 0 1 0 1 0 1 0 1 0 1 0 1 1 0 1 0 0 1 0 0 1 0 1 1 0 1 0 1 0 1 0 0 1 0 
0 0 1 0 1 1 0 0 1 0 0 1 0 0 1 0 1 1 0 1 1 0 0 1 1 0 1 0 1 1 0 0 1 0 1 0 0 1 0 1 0 0 1 0 1 0 1 0 1 0 0 1 0 0 1 1 0 1 1 0 1 0 1 0 0 1 0 1 0 1 0 1 0 0 1 0 1 0 1 1 0 1 0 1 1 0 1 1 0 1 0 0 1 1 0 1 1 0 0 1 1 0 0 1 1 0 0 1 1 0 1 1 0 1 0 1 0 1 0 1 0 0 1 0 1 0 1 1 0 1 1 0 0 1 0 1 1 0 1 0 0 1 1 0 0 1 0 0 1 0 1 1 0 1 0 1 0 1 1 0 0 1 1 0 1 0 1 0 1 0 0 1 0 1 0 1 0 1 0 1 0 1 1 0 1 1 0 0 1 1 0 0 
0 1 1 0 0 1 0 1 0 1 1 0 1 1 0 0 1 0 0 1 0 0 1 1 0 0 1 0 1 0 1 1 0 1 0 1 1 0 1 0 1 0 1 0 0 1 0 1 0 0 1 0 0 1 0 0 1 0 0 1 1 0 0 1 1 0 0 1 0 1 1 0 1 1 0 1 0 1 0 0 1 0 1 0 1 1 0 0 1 0 1 1 0 1 0 1 0 0 1 1 0 1 0 0 1 0 1 0 0 1 0 1 0 0 1 0 1 0 1 0 1 0 0 1 0 1 0 0 1 0 1 1 0 1 0 1 1 0 0 1 0 0 1 0 1 1 0 1 1 0 1 0 1 1 0 0 1 0 1 0 1 0 1 1 0 1 0 1 1 0 1 0 1 0 1 0 1 1 0 1 1 0 0 1 1 0 1 1 0 1 0 1 
1 0 0 1 1 0 1 0 1 0 1 1 0 1 0 1 0 1 1 0 0 1 1 0 1 1 0 1 0 1 0 0 1 1 0 0 1 0 1 0 0 1 0 1 0 0 1 0 1 1 0 1 1 0 1 0 1 1 0 1 0 1 0 0 1 0 1 0 1 0 1 0 1 0 1 0 1 1 0 1 0 1 1 0 0 1 1 0 1 1 0 1 0 0 1 0 0 1 1 0 1 0 1 0 0 1 0 1 1 0 1 0 1 1 0 1 0 0 1 0 0 1 0 1 0 1 0 0 1 1 0 1 1 0 1 0 0 1 0 0 1 0 0 1 0 0 1 0 0 1 0 1 1 0 1 1 0 1 0 1 1 0 0 1 0 0 1 0 0 1 0 1 0 0 1 1 0 0 1 0 0 1 1 0 0 1 1 0 1 0 1 1 
1 0 1 0 0 1 0 1 0 1 0 1 0 0 1 0 0 1 0 1 1 0 0 1 1 0 1 0 1 0 1 1 0 0 1 1 0 1 0 1 0 0 1 0 1 0 1 0 0 1 1 0 1 1 0 1 0 1 1 0 1 0 1 0 0 1 1 0 0 1 0 1 0 1 0 1 0 0 1 0 1 1 0 1 0 0 1 1 0 0 1 0 1 0 1 0 1 1 0 1 0 1 0 1 0 1 0 1 0 0 1 0 1 0 1 0 1 1 0 1 0 1 1 0 1 0 1 1 0 0 1 0 0 1 0 0 1 0 1 1 0 1 0 1 1 0 0 1 1 0 1 1 0 0 1 0 0 1 0 1 0 1 0 0 1 0 1 0 1 1 0 0 1 1 0 1 0 1 0 1 0 1 1 0 1 1 0 1 0 1 0 0 
0 1 0 1 0 0 1 1 0 1 0 0 1 0 1 0 1 0 0 1 1 0 1 1 0 0 1 1 0 1 0 1 0 0 1 0 0 1 0 0 1 1 0 0 1 1 0 1 1 0 0 1 0 0 1 1 0 0 1 0 1 1 0 1 1 0 0 1 1 0 1 0 0 1 0 1 1 0 0 1 1 0 1 0 1 1 0 1 1 0 0 1 0 1 0 1 1 0 1 0 1 0 1 0 1 0 1 0 0 1 0 1 0 0 1 1 0 0 1 0 1 0 1 0 1 0 1 0 1 1 0 0 1 1 0 1 0 1 1 0 1 0 1 0 0 1 1 0 1 0 1 0 1 1 0 1 1 0 1 0 0 1 1 0 1 1 0 1 0 0 1 0 1 1 0 0 1 0 1 0 1 0 0 1 0 0 1 1 0 0 1 0 
0 0 1 0 1 1 0 0 1 0 1 1 0 1 0 1 1 0 1 0 0 1 1 0 1 1 0 0 1 0 1 0 1 1 0 0 1 0 1 0 1 1 0 1 0 0 1 1 0 0 1 1 0 1 1 0 1 0 0 1 0 0 1 0 0 1 1 0 1 1 0 1 1 0 1 0 0 1 1 0 0 1 0 1 0 0 1 0 0 1 1 0 0 1 1 0 0 1 0 1 0 1 0 1 1 0 0 1 1 0 0 1 0 1 0 0 1 1 0 1 0 1 0 1 0 1 0 1 1 0 1 1 0 0 1 0 0 1 0 1 1 0 1 0 1 0 0 1 0 1 0 1 0 0 1 0 1 0 0 1 1 0 0 1 0 1 0 1 0 0 1 1 0 0 1 1 0 1 0 1 0 1 1 0 1 1 0 0 1 0 1 1 
1 1 0 0 1 0 1 1 0 0 1 0 1 0 0 1 0 1 0 1 0 1 0 1 0 0 1 0 1 0 1 1 0 1 0 1 0 0 1 1 0 0 1 0 0 1 1 0 0 1 0 0 1 1 0 1 0 1 0 0 1 0 0 1 1 0 1 1 0 1 1 0 0 1 0 1 1 0 0 1 1 0 1 0 0 1 0 1 0 0 1 0 1 0 0 1 1 0 1 0 1 0 1 1 0 1 0 1 1 0 1 0 1 0 0 1 0 1 1 0 1 1 0 1 1 0 1 0 0 1 0 0 1 1 0 1 1 0 1 0 0 1 0 1 0 0 1 0 0 1 0 0 1 1 0 1 0 1 1 0 0 1 0 1 0 0 1 0 1 1 0 1 1 0 1 0 1 0 1 0 1 0 1 1 0 1 1 0 1 1 0 0 
1 1 0 1 0 1 0 0 1 1 0 0 1 0 1 0 0 1 0 0 1 0 1 0 1 0 1 1 0 1 0 1 0 0 1 0 1 1 0 1 0 1 0 1 1 0 0 1 1 0 0 1 1 0 1 1 0 0 1 0 0 1 1 0 1 1 0 1 0 0 1 1 0 1 0 1 1 0 1 0 0 1 1 0 1 0 1 0 1 0 0 1 0 1 1 0 1 0 1 0 0 1 0 0 1 0 1 0 0 1 0 0 1 0 1 0 1 0 1 1 0 0 1 0 1 0 1 1 0 1 0 0 1 0 1 0 0 1 1 0 1 1 0 0 1 1 0 1 1 0 1 1 0 1 0 1 0 0 1 0 1 0 1 0 1 0 0 1 0 1 0 0 1 1 0 1 1 0 0 1 0 1 0 1 1 0 0 1 0 1 0 1 
0 0 1 1 0 1 1 0 0 1 0 1 0 1 1 0 1 0 1 0 0 1 0 0 1 1 0 1 1 0 1 0 1 0 1 0 0 1 1 0 1 0 1 1 0 1 0 1 0 1 1 0 0 1 1 0 1 1 0 1 1 0 1 0 0 1 1 0 1 1 0 1 1 0 1 0 0 1 1 0 1 0 0 1 0 1 0 1 0 1 0 0 1 1 0 1 0 1 0 1 0 0 1 1 0 1 1 0 0 1 0 1 0 1 1 0 0 1 0 0 1 0 0 1 0 1 0 0 1 0 1 1 0 0 1 1 0 1 0 1 0 0 1 0 1 0 1 0 0 1 0 1 0 0 1 0 1 1 0 1 0 1 0 0 1 1 0 1 1 0 1 1 0 0 1 0 0 1 0 1 0 0 1 0 0 1 1 0 1 0 1 0 
0 1 0 0 1 0 0 1 1 0 1 0 1 1 0 1 1 0 1 1 0 0 1 1 0 1 1 0 0 1 1 0 0 1 0 1 1 0 0 1 0 1 0 0 1 0 1 0 1 0 1 0 1 1 0 1 0 0 1 0 0 1 0 1 1 0 0 1 0 1 1 0 0 1 0 1 1 0 0 1 0 0 1 0 0 1 1 0 1 0 1 1 0 0 1 1 0 0 1 0 1 1 0 1 1 0 0 1 1 0 1 0 1 0 0 1 1 0 1 1 0 1 1 0 1 0 1 0 1 0 1 0 0 1 0 0 1 0 0 1 1 0 1 1 0 1 0 1 1 0 1 0 1 0 0 1 1 0 1 0 1 0 1 1 0 0 1 0 1 0 0 1 0 1 0 1 0 0 1 0 1 1 0 1 0 1 0 0 1 0 0 1 
1 0 1 0 1 0 1 0 1 0 1 0 1 0 0 1 0 1 0 0 1 1 0 0 1 0 0 1 1 0 0 1 1 0 0 1 0 1 0 1 1 0 0 1 1 0 1 1 0 1 0 1 1 0 1 0 1 1 0 1 0 1 0 0 1 0 1 1 0 0 1 0 1 1 0 1 0 0 1 0 0 1 1 0 1 0 0 1 0 1 1 0 1 0 1 0 1 1 0 1 0 0 1 0 0 1 0 0 1 0 0 1 0 0 1 1 0 1 0 1 0 0 1 1 0 1 0 1 0 1 0 1 1 0 1 0 1 0 1 0 0 1 0 1 0 1 1 0 0 1 1 0 0 1 1 0 0 1 1 0 1 0 1 1 0 1 1 0 0 1 0 0 1 1 0 0 1 1 0 1 0 0 1 0 1 0 1 1 0 1 0 1 
0 1 0 1 0 1 0 1 0 1 0 1 0 0 1 0 1 1 0 1 0 1 0 1 1 0 1 0 0 1 1 0 0 1 1 0 0 1 1 0 0 1 1 0 0 1 0 1 1 0 1 0 0 1 1 0 0 1 0 1 1 0 1 0 0 1 1 0 1 1 0 1 1 0 1 0 0 1 1 0 1 0 0 1 0 1 1 0 1 0 0 1 0 1 0 0 1 0 1 0 1 1 0 0 1 0 1 0 0 1 0 1 0 1 1 0 1 0 1 0 1 1 0 0 1 0 1 0 1 1 0 0 1 0 0 1 0 1 1 0 1 1 0 0 1 0 0 1 0 1 0 1 1 0 0 1 1 0 0 1 0 1 0 0 1 1 0 1 1 0 1 0 1 0 1 0 0 1 1 0 1 0 1 0 1 0 1 0 0 1 1 0 
0 1 0 1 1 0 1 0 1 0 1 0 1 1 0 1 0 0 1 0 1 0 1 0 0 1 0 0 1 0 1 0 1 0 0 1 1 0 0 1 1 0 0 1 0 1 0 0 1 1 0 1 1 0 0 1 1 0 1 0 1 0 0 1 0 1 0 1 0 0 1 1 0 1 0 1 1 0 0 1 0 0 1 1 0 0 1 0 1 1 0 1 1 0 0 1 0 1 0 1 0 0 1 1 0 0 1 1 0 1 1 0 1 1 0 0 1 0 1 0 1 0 1 1 0 1 0 1 0 0 1 1 0 1 0 1 0 1 0 1 0 0 1 0 0 1 0 0 1 0 1 1 0 1 0 1 1 0 1 0 1 1 0 0 1 0 1 0 0 1 0 1 0 1 0 1 1 0 1 0 0 1 0 1 0 1 0 1 1 0 1 1 
1 0 1 0 1 0 1 0 0 1 1 0 1 0 0 1 0 1 0 1 0 0 1 0 0 1 0 1 0 1 0 1 1 0 1 0 1 0 1 0 1 1 0 1 1 0 1 1 0 0 1 1 0 1 1 0 1 0 0 1 0 1 1 0 1 0 1 0 1 0 1 0 1 0 1 0 0 1 0 0 1 1 0 0 1 1 0 1 0 0 1 0 1 0 1 1 0 1 1 0 1 1 0 0 1 1 0 1 1 0 0 1 1 0 0 1 0 1 0 1 0 1 0 0 1 0 0 1 0 1 0 0 1 0 1 0 1 0 1 0 1 0 1 1 0 1 1 0 0 1 1 0 0 1 1 0 0 1 0 1 1 0 1 1 0 1 0 1 0 1 0 0 1 0 0 1 0 1 0 1 1 0 1 1 0 0 1 0 0 1 0 0 
0 1 0 1 0 1 0 1 1 0 0 1 0 1 1 0 1 0 1 0 1 1 0 1 1 0 1 0 1 0 1 0 0 1 1 0 0 1 0 1 0 1 1 0 0 1 0 0 1 1 0 0 1 0 1 1 0 1 1 0 1 0 1 1 0 1 0 1 0 1 0 1 0 1 0 0 1 0 1 1 0 0 1 0 1 0 1 0 0 1 1 0 0 1 1 0 1 0 0 1 1 0 1 1 0 0 1 0 0 1 0 1 0 0 1 0 1 0 1 0 1 0 1 1 0 0 1 0 1 1 0 1 0 1 0 1 0 0 1 0 1 1 0 1 1 0 0 1 1 0 0 1 1 0 0 1 1 0 0 1 0 1 0 0 1 0 1 0 1 0 1 0 1 0 1 0 1 0 1 0 1 0 1 0 1 1 0 0 1 0 0 1 
0 0 1 0 0 1 0 1 0 1 0 0 1 0 1 1 0 1 0 1 0 1 0 1 0 1 1 0 0 1 0 1 0 1 0 1 1 0 0 1 1 0 0 1 0 1 0 1 1 0 1 1 0 1 0 0 1 0 0 1 0 1 0 1 0 1 0 1 0 1 0 1 0 0 1 1 0 0 1 1 0 1 0 1 0 1 1 0 1 1 0 1 1 0 0 1 0 1 0 1 0 0 1 1 0 0 1 1 0 1 1 0 1 1 0 1 0 0 1 0 1 0 0 1 0 1 0 0 1 0 1 0 1 0 1 0 0 1 0 1 0 1 1 0 1 1 0 0 1 0 0 1 1 0 1 1 0 1 1 0 0 1 0 1 0 1 0 1 0 1 0 1 0 1 0 1 0 1 0 1 0 1 0 1 1 0 0 1 0 1 1 0 
1 1 0 1 1 0 1 0 1 0 1 1 0 1 0 1 1 0 1 0 1 0 1 0 1 0 0 1 1 0 1 0 1 0 0 1 1 0 1 0 1 1 0 0 1 0 1 0 0 1 0 1 0 0 1 1 0 1 1 0 1 0 1 0 1 0 1 0 1 0 1 0 1 1 0 0 1 1 0 0 1 0 1 0 1 0 0 1 0 0 1 1 0 1 1 0 1 0 1 0 0 1 0 0 1 1 0 0 1 0 0 1 0 1 0 0 1 1 0 1 0 1 1 0 1 0 0 1 0 1 1 0 0 1 0 0 1 0 1 0 1 0 0 1 0 1 1 0 0 1 1 0 0 1 1 0 0 1 0 1 1 0 1 0 1 0 1 0 0 1 1 0 0 1 0 0 1 0 1 0 1 1 0 1 0 0 1 1 0 0 1 1 
0 0 1 1 0 0 1 1 0 1 1 0 0 1 1 0 0 1 1 0 1 0 1 0 1 1 0 1 0 1 0 1 0 0 1 0 0 1 0 1 0 0 1 1 0 1 0 1 0 1 0 0 1 1 0 0 1 0 0 1 0 0 1 0 0 1 0 0 1 0 0 1 1 0 1 1 0 0 1 0 1 1 0 1 1 0 1 1 0 0 1 0 1 0 0 1 0 1 0 1 1 0 1 1 0 1 0 1 0 0 1 0 1 0 1 1 0 0 1 0 1 0 0 1 0 1 1 0 1 0 0 1 1 0 1 1 0 1 1 0 1 1 0 1 1 0 1 1 0 1 1 0 0 1 0 1 1 0 1 0 0 1 0 1 0 1 0 1 1 0 0 1 1 0 1 0 1 0 0 1 1 0 1 0 0 1 0 0 1 1 0 0 
1 1 0 0 1 1 0 0 1 1 0 0 1 0 0 1 0 1 0 1 0 1 0 1 0 0 1 0 1 0 1 0 0 1 0 0 1 1 0 0 1 0 0 1 1 0 0 1 1 0 1 0 1 0 1 1 0 1 1 0 0 1 0 1 0 0 1 1 0 1 1 0 0 1 0 0 1 1 0 1 0 1 0 1 0 1 0 0 1 1 0 1 0 1 1 0 0 1 1 0 0 1 1 0 1 0 1 0 0 1 0 0 1 1 0 1 1 0 1 1 0 1 0 0 1 0 1 0 0 1 0 0 1 1 0 0 1 0 0 1 0 1 1 0 1 1 0 0 1 0 0 1 1 0 0 1 1 0 0 1 0 1 0 0 1 1 0 1 1 0 1 1 0 1 0 1 0 1 1 0 0 1 1 0 1 0 0 1 1 0 1 1 
1 0 1 0 1 0 1 0 1 0 0 1 0 0 1 0 1 0 1 0 1 0 1 0 0 1 0 0 1 0 1 0 1 0 1 1 0 0 1 1 0 1 1 0 0 1 1 0 0 1 0 1 0 1 1 0 0 1 0 0 1 1 0 1 1 0 1 1 0 1 1 0 1 0 1 1 0 0 1 0 1 0 1 0 0 1 1 0 0 1 0 0 1 0 0 1 1 0 0 1 1 0 0 1 1 0 0 1 1 0 1 1 0 0 1 0 0 1 0 1 0 0 1 1 0 1 0 1 1 0 1 1 0 1 0 1 0 1 1 0 1 0 0 1 0 0 1 1 0 1 0 0 1 0 1 0 0 1 1 0 1 0 1 1 0 0 1 0 0 1 1 0 1 0 1 0 1 1 0 0 1 1 0 1 1 0 1 1 0 0 1 0 
0 1 0 1 0 1 0 1 0 1 1 0 1 1 0 1 0 1 0 1 0 0 1 0 1 0 1 1 0 1 0 1 1 0 1 0 0 1 0 1 0 1 0 1 1 0 0 1 1 0 1 0 0 1 0 1 1 0 1 1 0 0 1 0 0 1 0 0 1 0 0 1 1 0 0 1 0 1 0 1 0 1 0 0 1 0 0 1 1 0 1 1 0 1 0 1 0 0 1 0 0 1 1 0 0 1 0 1 1 0 1 0 1 0 1 0 1 1 0 0 1 1 0 0 1 0 1 1 0 0 1 0 1 0 1 0 1 0 0 1 1 0 0 1 1 0 1 0 0 1 1 0 0 1 0 1 0 1 1 0 1 1 0 0 1 1 0 1 1 0 0 1 1 0 1 1 0 0 1 1 0 0 1 0 0 1 0 0 1 1 0 1 
1 0 1 0 1 0 0 1 1 0 0 1 1 0 1 0 1 1 0 0 1 1 0 1 1 0 0 1 1 0 0 1 0 1 0 1 1 0 1 0 1 0 1 0 1 0 1 0 1 1 0 1 1 0 1 1 0 1 0 1 0 1 0 0 1 1 0 0 1 0 1 0 0 1 1 0 1 1 0 0 1 0 1 1 0 1 0 1 0 1 0 0 1 0 1 0 0 1 1 0 1 1 0 1 0 1 1 0 0 1 0 1 0 1 0 1 0 0 1 1 0 0 1 1 0 1 0 0 1 1 0 0 1 0 1 1 0 1 1 0 0 1 1 0 0 1 0 1 1 0 1 1 0 0 1 0 1 0 0 1 0 1 0 1 0 0 1 0 1 0 1 0 0 1 0 0 1 1 0 0 1 0 0 1 0 0 1 1 0 0 1 0 
0 1 0 1 0 1 1 0 0 1 1 0 0 1 0 1 0 0 1 0 1 0 0 1 0 1 1 0 1 0 1 0 1 1 0 1 0 0 1 0 1 0 0 1 0 1 0 1 0 0 1 0 1 0 1 0 1 0 1 0 1 1 0 1 0 0 1 1 0 1 0 1 1 0 0 1 0 0 1 0 1 0 0 1 0 0 1 0 0 1 1 0 1 0 1 0 1 0 0 1 1 0 0 1 1 0 1 0 1 0 1 1 0 0 1 0 1 1 0 1 1 0 1 0 1 0 1 1 0 1 0 1 0 1 0 1 1 0 0 1 0 1 0 1 0 0 1 0 0 1 0 0 1 1 0 0 1 1 0 1 1 0 1 0 1 1 0 1 0 1 1 0 1 1 0 1 0 1 0 1 0 1 0 0 1 1 0 1 1 0 0 1 
1 0 1 0 1 1 0 0 1 1 0 0 1 0 1 1 0 0 1 1 0 1 1 0 1 0 0 1 0 1 0 1 0 0 1 0 1 1 0 1 0 1 1 0 0 1 1 0 1 0 1 1 0 1 0 0 1 0 0 1 1 0 1 0 1 0 1 0 1 0 0 1 0 1 1 0 1 1 0 1 0 1 1 0 1 1 0 0 1 0 0 1 0 1 0 1 0 1 0 1 0 0 1 0 0 1 0 1 0 1 1 0 1 1 0 1 1 0 1 0 0 1 0 1 0 1 0 0 1 0 1 0 0 1 0 0 1 0 0 1 1 0 1 0 1 1 0 0 1 0 0 1 1 0 1 1 0 0 1 0 1 0 1 0 1 1 0 0 1 1 0 1 0 0 1 1 0 0 1 1 0 0 1 1 0 0 1 0 0 1 1 0 
1 0 0 1 1 0 1 1 0 0 1 1 0 1 0 0 1 1 0 1 1 0 0 1 0 1 0 1 0 0 1 0 1 0 1 1 0 0 1 1 0 1 0 1 1 0 1 1 0 1 0 0 1 0 0 1 0 1 1 0 0 1 1 0 0 1 0 1 0 1 1 0 1 0 1 1 0 1 0 1 1 0 0 1 0 1 0 1 0 1 1 0 0 1 0 1 0 0 1 0 0 1 0 0 1 1 0 0 1 1 0 0 1 0 0 1 0 1 1 0 0 1 0 1 0 0 1 0 1 0 0 1 1 0 1 1 0 1 1 0 1 0 1 0 1 0 1 1 0 1 1 0 0 1 1 0 0 1 0 1 0 1 0 1 0 0 1 1 0 0 1 1 0 1 0 0 1 0 1 0 1 0 1 0 0 1 0 0 1 1 0 1 
0 1 1 0 0 1 0 1 0 1 1 0 1 0 1 0 0 1 0 0 1 0 1 0 0 1 1 0 1 1 0 0 1 1 0 1 0 1 0 0 1 0 1 0 1 0 0 1 0 0 1 1 0 1 1 0 1 1 0 1 1 0 0 1 1 0 0 1 0 1 1 0 0 1 0 0 1 0 1 0 1 0 1 0 1 0 1 0 1 1 0 0 1 0 1 0 1 0 1 0 1 0 1 1 0 0 1 1 0 0 1 1 0 1 1 0 1 0 0 1 1 0 1 0 1 1 0 1 0 1 0 0 1 0 0 1 1 0 0 1 0 1 0 1 0 1 0 0 1 1 0 0 1 0 0 1 1 0 1 0 1 0 1 0 1 0 1 0 0 1 1 0 1 0 1 1 0 1 0 1 0 1 0 0 1 0 1 1 0 0 1 1 
0 0 1 1 0 1 1 0 1 0 0 1 0 0 1 1 0 0 1 1 0 1 1 0 1 0 0 1 1 0 0 1 0 0 1 0 1 0 1 0 1 0 0 1 0 1 1 0 1 1 0 1 0 1 0 0 1 0 1 0 1 0 1 0 0 1 1 0 1 0 0 1 1 0 0 1 0 1 0 1 0 1 0 0 1 0 0 1 1 0 1 1 0 0 1 0 1 1 0 1 0 1 0 0 1 1 0 1 1 0 1 0 1 0 1 0 1 0 1 0 0 1 0 0 1 0 1 0 1 0 1 1 0 1 0 0 1 1 0 1 1 0 1 1 0 0 1 0 1 0 1 1 0 1 1 0 1 0 1 0 0 1 0 1 0 1 0 1 1 0 0 1 0 1 0 0 1 1 0 0 1 1 0 1 1 0 0 1 1 0 1 0 
1 1 0 0 1 0 0 1 0 1 1 0 1 1 0 1 1 0 1 0 1 0 0 1 1 0 0 1 0 1 1 0 1 1 0 0 1 0 0 1 0 1 1 0 1 0 0 1 0 0 1 0 1 0 1 1 0 1 1 0 0 1 0 0 1 1 0 0 1 1 0 0 1 0 1 0 0 1 0 0 1 0 0 1 0 1 0 1 0 1 0 0 1 1 0 1 0 1 0 0 1 0 1 1 0 0 1 0 0 1 0 0 1 1 0 1 0 1 1 0 1 1 0 1 0 1 0 1 0 0 1 1 0 0 1 1 0 1 1 0 1 1 0 0 1 0 0 1 0 1 0 0 1 0 1 1 0 1 0 1 0 1 1 0 1 1 0 1 0 1 1 0 1 0 1 1 0 0 1 0 1 0 1 0 0 1 1 0 0 1 0 1 
0 0 1 1 0 1 1 0 0 1 0 1 0 1 0 0 1 1 0 1 0 1 1 0 0 1 1 0 1 0 1 1 0 0 1 1 0 1 0 0 1 1 0 1 0 1 1 0 1 1 0 1 0 1 0 1 0 1 0 1 0 0 1 1 0 0 1 1 0 0 1 1 0 1 0 1 1 0 1 0 1 0 1 0 0 1 1 0 1 0 1 1 0 0 1 1 0 0 1 0 1 0 1 0 1 1 0 1 1 0 1 1 0 1 0 0 1 0 0 1 0 0 1 1 0 0 1 1 0 1 0 0 1 1 0 0 1 0 0 1 0 1 1 0 0 1 0 1 1 0 1 0 1 0 0 1 1 0 0 1 1 0 0 1 0 0 1 0 1 0 1 0 0 1 1 0 0 1 0 1 0 1 0 1 0 1 0 0 1 0 1 0 
0 1 0 1 1 0 0 1 1 0 1 0 1 0 1 1 0 1 1 0 0 1 1 0 1 0 1 0 0 1 0 0 1 1 0 0 1 0 1 0 1 0 0 1 1 0 0 1 0 1 0 0 1 1 0 0 1 0 1 0 1 0 0 1 1 0 1 0 1 0 1 1 0 0 1 0 1 1 0 1 0 1 0 0 1 0 0 1 0 0 1 0 1 0 1 0 1 0 1 1 0 1 0 1 1 0 1 0 0 1 0 0 1 0 1 0 0 1 0 0 1 1 0 0 1 1 0 0 1 0 1 1 0 0 1 1 0 1 0 1 1 0 0 1 1 0 1 0 0 1 0 1 0 1 1 0 0 1 1 0 0 1 1 0 1 1 0 1 1 0 0 1 1 0 0 1 1 0 1 0 1 0 1 0 1 0 1 1 0 1 0 1 
1 0 1 0 0 1 1 0 1 0 1 0 1 1 0 1 1 0 0 1 1 0 0 1 1 0 0 1 1 0 0 1 1 0 1 1 0 0 1 1 0 1 1 0 0 1 1 0 1 0 1 0 1 0 1 0 0 1 0 0 1 1 0 0 1 1 0 1 0 1 0 0 1 0 0 1 0 0 1 1 0 1 0 1 0 1 1 0 0 1 0 0 1 1 0 0 1 1 0 0 1 0 0 1 0 1 0 1 1 0 1 1 0 1 0 1 0 0 1 0 0 1 1 0 0 1 1 0 0 1 1 0 1 1 0 0 1 0 1 0 1 0 1 1 0 1 1 0 0 1 0 0 1 0 1 1 0 0 1 1 0 1 0 1 0 1 1 0 0 1 1 0 1 0 1 0 0 1 0 0 1 1 0 1 0 1 0 0 1 0 1 0 
0 1 1 0 0 1 0 1 0 1 0 1 0 0 1 0 0 1 1 0 0 1 1 0 0 1 1 0 0 1 1 0 0 1 0 0 1 1 0 0 1 1 0 1 1 0 0 1 0 1 0 1 0 1 0 1 1 0 1 1 0 0 1 1 0 1 0 0 1 0 0 1 0 1 1 0 0 1 0 0 1 0 1 0 0 1 0 1 1 0 0 1 0 0 1 1 0 0 1 1 0 1 1 0 1 0 1 0 0 1 0 0 1 1 0 0 1 1 0 1 1 0 0 1 1 0 0 1 0 1 0 1 0 1 0 1 1 0 0 1 0 1 1 0 1 1 0 1 1 0 1 1 0 1 0 0 1 1 0 0 1 0 1 1 0 0 1 0 0 1 0 1 0 1 0 1 1 0 0 1 0 1 0 1 1 0 1 1 0 0 1 1 
1 0 0 1 1 0 1 0 0 1 1 0 0 1 0 1 1 0 0 1 0 1 0 1 1 0 0 1 1 0 0 1 1 0 1 1 0 0 1 1 0 0 1 1 0 1 1 0 1 0 1 0 1 1 0 1 0 1 0 1 0 0 1 1 0 0 1 0 1 0 1 1 0 1 0 1 1 0 0 1 0 0 1 0 1 0 1 0 1 0 1 1 0 1 0 1 0 0 1 1 0 0 1 1 0 1 0 1 1 0 0 1 0 0 1 1 0 0 1 0 1 0 0 1 1 0 1 0 1 0 1 0 1 0 1 0 0 1 0 1 1 0 0 1 0 0 1 1 0 1 1 0 1 0 1 1 0 0 1 0 0 1 0 0 1 0 0 1 1 0 1 0 1 1 0 1 1 0 1 0 1 0 1 0 0 1 0 1 0 1 0 0 
0 1 0 1 0 1 0 1 1 0 0 1 1 0 1 0 1 0 1 0 1 0 1 0 0 1 0 1 1 0 0 1 0 0 1 0 1 0 1 0 1 0 1 0 1 0 1 0 1 0 0 1 0 0 1 0 0 1 1 0 1 1 0 0 1 1 0 1 0 1 0 0 1 0 1 0 0 1 1 0 1 1 0 1 1 0 1 0 0 1 0 0 1 0 1 0 1 1 0 0 1 1 0 0 1 0 1 0 1 0 1 0 1 1 0 0 1 1 0 1 0 1 1 0 0 1 1 0 0 1 0 0 1 1 0 1 1 0 1 0 1 1 0 0 1 0 1 0 0 1 0 0 1 1 0 1 0 1 0 1 1 0 1 1 0 1 1 0 1 0 1 1 0 0 1 0 0 1 1 0 0 1 0 1 0 1 0 0 1 0 1 1 
1 0 1 0 1 1 0 1 0 1 0 1 0 0 1 1 0 1 0 0 1 0 0 1 0 0 1 0 0 1 1 0 1 1 0 1 0 1 0 1 0 1 0 1 1 0 0 1 0 1 1 0 0 1 0 1 1 0 1 0 0 1 0 1 1 0 1 0 1 0 1 0 1 0 1 0 1 1 0 1 1 0 1 1 0 1 0 1 1 0 1 0 1 1 0 0 1 0 1 0 0 1 0 1 0 0 1 1 0 1 0 1 0 0 1 0 1 1 0 0 1 0 0 1 0 1 0 1 1 0 1 1 0 0 1 1 0 0 1 1 0 1 1 0 1 1 0 1 1 0 1 1 0 1 0 0 1 0 0 1 0 0 1 0 0 1 0 1 0 1 0 0 1 1 0 0 1 0 0 1 1 0 0 1 1 0 1 0 0 1 0 0 
0 0 1 0 1 0 1 0 1 0 1 0 1 1 0 1 0 0 1 1 0 1 0 1 1 0 0 1 0 1 0 1 1 0 1 1 0 1 0 1 0 1 1 0 0 1 0 1 0 0 1 0 1 1 0 1 1 0 0 1 0 0 1 1 0 1 0 1 1 0 0 1 0 1 0 1 0 0 1 0 0 1 0 0 1 0 1 0 1 0 0 1 0 1 0 1 0 1 0 1 1 0 1 0 0 1 0 1 1 0 1 1 0 1 0 1 0 0 1 1 0 0 1 0 1 0 1 0 0 1 0 1 0 1 0 0 1 1 0 1 0 0 1 1 0 0 1 0 1 0 0 1 1 0 1 0 0 1 1 0 0 1 0 1 1 0 1 0 1 1 0 0 1 1 0 1 1 0 1 0 0 1 1 0 1 0 0 1 1 0 1 1 
1 1 0 1 0 1 1 0 0 1 1 0 0 1 1 0 1 1 0 1 1 0 1 0 1 1 0 1 1 0 0 1 0 1 0 0 1 0 1 0 1 0 0 1 1 0 1 0 1 0 0 1 0 0 1 0 0 1 0 1 1 0 1 0 0 1 1 0 0 1 0 1 1 0 1 0 1 1 0 0 1 0 0 1 1 0 1 0 0 1 1 0 1 0 1 0 0 1 0 1 0 1 1 0 1 0 1 0 1 0 1 0 1 0 1 1 0 1 1 0 0 1 0 0 1 0 1 0 0 1 0 0 1 0 1 1 0 1 0 0 1 1 0 1 0 0 1 1 0 1 1 0 0 1 0 1 0 1 0 1 1 0 1 0 1 0 1 0 1 0 1 1 0 0 1 0 0 1 0 1 0 0 1 1 0 1 1 0 0 1 0 0 
0 1 0 1 1 0 0 1 1 0 0 1 1 0 0 1 0 1 1 0 0 1 0 1 0 1 1 0 1 0 1 0 0 1 0 1 1 0 1 0 1 0 1 1 0 1 0 0 1 1 0 0 1 1 0 1 1 0 1 0 0 1 0 1 1 0 0 1 0 1 1 0 1 0 0 1 0 0 1 1 0 1 1 0 0 1 0 1 1 0 0 1 0 1 0 1 1 0 1 0 1 1 0 1 0 0 1 0 0 1 0 1 0 1 0 0 1 1 0 1 1 0 0 1 0 1 0 1 1 0 1 1 0 0 1 0 1 0 1 0 1 0 1 0 1 1 0 0 1 1 0 1 1 0 1 0 1 0 1 0 0 1 0 1 0 1 0 1 0 0 1 0 0 1 1 0 0 1 0 0 1 0 0 1 0 1 1 0 1 0 0 1 
1 0 1 0 1 0 0 1 0 1 1 0 1 1 0 1 1 0 0 1 1 0 1 1 0 0 1 0 0 1 1 0 1 0 1 0 0 1 0 1 0 1 0 0 1 0 1 1 0 0 1 1 0 1 1 0 0 1 0 1 0 1 1 0 1 1 0 0 1 0 0 1 0 1 0 1 1 0 0 1 0 1 0 1 1 0 1 0 0 1 1 0 1 0 1 1 0 1 0 1 0 0 1 1 0 1 0 1 0 1 0 0 1 1 0 0 1 0 0 1 1 0 1 0 0 1 1 0 1 0 0 1 0 1 0 1 0 0 1 1 0 0 1 0 1 1 0 1 0 0 1 0 1 0 0 1 1 0 0 1 1 0 1 0 1 1 0 1 0 1 0 0 1 0 0 1 1 0 1 0 0 1 1 0 1 0 0 1 0 1 1 0 
1 0 0 1 0 1 1 0 1 0 0 1 0 0 1 0 0 1 1 0 0 1 0 0 1 1 0 1 1 0 0 1 0 1 0 0 1 0 1 0 1 0 1 0 1 0 1 0 1 1 0 0 1 0 0 1 1 0 0 1 1 0 1 1 0 0 1 0 1 0 1 0 0 1 1 0 0 1 1 0 1 0 1 0 1 1 0 1 1 0 0 1 0 1 0 0 1 0 1 0 1 1 0 0 1 0 1 0 1 0 1 1 0 0 1 1 0 0 1 0 0 1 0 0 1 0 0 1 0 1 1 0 1 1 0 1 0 1 0 1 0 1 0 1 0 0 1 1 0 1 1 0 0 1 1 0 0 1 0 1 1 0 0 1 1 0 1 0 1 0 1 1 0 1 1 0 1 0 1 1 0 1 0 1 0 0 1 1 0 1 0 1 
0 1 1 0 1 0 1 1 0 0 1 0 1 0 1 0 1 0 1 0 1 1 0 0 1 0 0 1 1 0 1 0 1 1 0 1 0 1 1 0 0 1 0 1 0 1 0 1 0 1 0 1 0 0 1 0 1 0 1 0 0 1 0 1 0 1 0 1 0 1 0 1 1 0 1 0 0 1 0 1 1 0 0 1 0 1 0 0 1 0 0 1 1 0 1 0 1 0 0 1 0 1 0 0 1 0 1 1 0 0 1 0 1 0 1 0 1 1 0 1 0 1 0 1 1 0 0 1 1 0 0 1 0 0 1 0 1 0 1 0 1 0 1 1 0 1 0 0 1 0 0 1 1 0 1 1 0 1 1 0 0 1 1 0 0 1 0 0 1 0 1 1 0 0 1 1 0 1 0 1 1 0 1 0 0 1 1 0 1 0 1 1 
1 1 0 1 0 1 0 1 0 1 1 0 0 1 0 1 1 0 0 1 1 0 1 1 0 1 1 0 0 1 1 0 1 0 1 0 1 1 0 1 0 0 1 1 0 1 0 1 0 0 1 0 0 1 0 1 0 1 1 0 0 1 0 0 1 0 1 0 0 1 1 0 0 1 0 1 1 0 0 1 0 1 1 0 1 0 1 0 0 1 1 0 0 1 0 1 0 1 0 1 1 0 1 1 0 1 0 0 1 1 0 1 0 1 0 1 1 0 1 0 1 0 1 0 0 1 1 0 0 1 1 0 1 0 1 0 1 0 1 0 0 1 0 0 1 0 0 1 1 0 1 0 0 1 0 1 1 0 1 0 1 0 1 0 1 0 0 1 0 1 0 0 1 0 0 1 0 0 1 0 1 1 0 1 1 0 0 1 0 1 1 0 
0 0 1 0 0 1 1 0 1 0 0 1 0 1 1 0 0 1 1 0 0 1 1 0 0 1 0 0 1 1 0 1 0 1 1 0 1 0 1 0 1 0 1 0 1 0 1 0 1 1 0 1 1 0 1 0 1 0 0 1 1 0 1 0 1 1 0 0 1 0 0 1 1 0 0 1 1 0 1 0 1 0 0 1 0 1 0 1 0 0 1 0 1 1 0 1 0 0 1 0 0 1 0 1 0 0 1 0 0 1 0 1 0 0 1 1 0 1 0 1 0 1 1 0 1 1 0 0 1 0 1 1 0 1 0 1 0 1 0 1 0 0 1 1 0 0 1 1 0 1 0 1 0 1 1 0 0 1 0 1 0 1 0 1 0 1 1 0 1 0 1 0 1 1 0 0 1 1 0 1 0 1 1 0 1 1 0 0 1 0 0 1 
1 1 0 1 1 0 1 1 0 1 1 0 1 0 1 0 0 1 0 1 1 0 0 1 1 0 1 1 0 0 1 0 1 0 0 1 0 1 0 1 0 1 0 1 0 0 1 1 0 0 1 1 0 1 0 1 0 1 0 1 0 0 1 1 0 1 0 1 1 0 1 0 0 1 1 0 0 1 1 0 0 1 1 0 0 1 0 1 1 0 0 1 0 0 1 0 1 1 0 1 1 0 1 0 1 0 0 1 1 0 1 0 1 1 0 0 1 0 0 1 1 0 0 1 1 0 0 1 0 1 0 1 0 1 0 1 1 0 1 0 1 0 1 0 0 1 0 0 1 1 0 0 1 0 0 1 0 0 1 0 1 0 1 1 0 0 1 1 0 1 0 1 0 0 1 1 0 0 1 0 1 0 0 1 0 0 1 1 0 1 1 0 
0 1 1 0 0 1 0 1 0 1 0 0 1 1 0 1 1 0 1 0 1 1 0 1 0 0 1 0 1 0 0 1 0 1 0 1 0 0 1 1 0 1 0 1 0 1 0 0 1 0 1 0 0 1 1 0 1 0 1 0 1 1 0 1 1 0 1 0 0 1 0 0 1 0 1 0 1 0 0 1 0 0 1 0 1 0 1 0 0 1 0 0 1 1 0 0 1 0 0 1 1 0 1 1 0 1 0 0 1 1 0 1 1 0 0 1 1 0 1 0 0 1 1 0 0 1 1 0 0 1 1 0 1 0 1 0 0 1 0 0 1 1 0 1 1 0 1 1 0 0 1 1 0 1 1 0 1 1 0 1 0 1 0 0 1 1 0 1 0 0 1 0 1 1 0 0 1 1 0 1 1 0 1 0 1 1 0 0 1 0 0 1 
1 0 0 1 1 0 1 0 1 0 1 1 0 0 1 0 0 1 0 1 0 1 1 0 0 1 0 1 0 1 1 0 1 0 1 0 1 0 1 0 1 0 1 0 1 0 0 1 0 1 0 1 1 0 1 0 0 1 1 0 0 1 1 0 0 1 0 1 1 0 0 1 1 0 0 1 0 1 0 0 1 1 0 1 0 1 0 1 0 0 1 1 0 0 1 1 0 1 1 0 0 1 0 1 0 0 1 1 0 0 1 0 0 1 1 0 0 1 0 1 0 0 1 0 1 1 0 1 1 0 0 1 0 1 1 0 1 0 1 1 0 0 1 1 0 1 0 1 0 1 0 1 0 0 1 1 0 0 1 1 0 0 1 1 0 1 1 0 1 0 0 1 0 1 0 1 0 0 1 1 0 1 1 0 0 1 0 1 1 0 0 1 
0 1 1 0 1 1 0 1 1 0 0 1 0 1 0 0 1 0 1 0 1 0 1 0 1 1 0 0 1 0 0 1 0 1 1 0 0 1 0 1 1 0 1 0 1 0 1 1 0 0 1 0 1 1 0 1 1 0 0 1 0 0 1 0 1 0 0 1 0 0 1 0 0 1 0 1 1 0 1 0 1 0 1 1 0 1 0 0 1 0 1 0 0 1 1 0 0 1 0 1 0 0 1 0 1 0 1 1 0 1 0 1 0 0 1 1 0 0 1 0 1 1 0 1 0 0 1 0 1 0 0 1 1 0 0 1 0 1 0 1 0 1 1 0 1 0 1 0 1 0 1 0 1 1 0 1 0 1 0 0 1 0 1 0 1 0 1 1 0 1 1 0 1 0 1 0 1 1 0 0 1 1 0 1 0 0 1 1 0 1 1 0 
1 0 1 1 0 0 1 0 0 1 0 0 1 0 1 1 0 0 1 1 0 1 0 1 0 0 1 1 0 0 1 0 1 0 0 1 1 0 0 1 0 1 0 1 0 1 1 0 1 1 0 1 0 1 1 0 0 1 1 0 1 1 0 1 0 1 1 0 0 1 0 1 0 0 1 0 0 1 0 1 0 1 0 0 1 0 1 0 0 1 0 0 1 0 0 1 1 0 1 0 1 0 0 1 0 1 0 0 1 0 1 0 1 1 0 0 1 1 0 0 1 1 0 1 1 0 0 1 0 1 1 0 0 1 1 0 1 0 1 0 1 0 0 1 0 0 1 0 1 1 0 1 1 0 1 0 1 1 0 1 0 1 0 1 0 1 0 1 1 0 0 1 1 0 1 1 0 1 1 0 1 0 1 0 1 0 1 0 1 1 0 0 
0 1 0 0 1 1 0 1 0 1 1 0 1 0 1 0 0 1 0 1 0 1 0 1 0 0 1 0 0 1 0 1 1 0 1 0 0 1 1 0 1 0 1 1 0 1 0 1 0 0 1 0 1 0 1 0 0 1 0 0 1 1 0 1 1 0 1 0 1 1 0 0 1 0 1 0 0 1 1 0 0 1 0 0 1 0 1 1 0 1 0 1 0 1 0 1 1 0 0 1 0 1 1 0 0 1 1 0 1 1 0 0 1 1 0 1 1 0 0 1 0 0 1 0 0 1 1 0 1 0 1 1 0 1 0 1 1 0 1 0 0 1 1 0 0 1 0 1 0 0 1 0 0 1 0 1 1 0 1 0 1 1 0 0 1 1 0 0 1 1 0 1 0 1 0 1 0 0 1 1 0 0 1 0 1 1 0 0 1 0 1 1 
1 0 1 1 0 0 1 0 1 0 1 1 0 1 0 1 1 0 1 0 1 0 1 0 1 1 0 1 1 0 1 0 0 1 0 1 0 0 1 0 0 1 0 0 1 0 1 0 0 1 0 1 0 1 0 1 1 0 1 1 0 0 1 0 0 1 0 1 1 0 1 1 0 1 0 1 1 0 1 0 1 0 1 1 0 1 0 0 1 0 1 1 0 1 1 0 0 1 1 0 1 0 1 0 1 0 0 1 0 0 1 1 0 0 1 0 0 1 1 0 0 1 1 0 1 1 0 1 0 1 0 0 1 0 1 0 0 1 0 1 1 0 0 1 1 0 1 1 0 0 1 1 0 0 1 0 0 1 0 0 1 0 1 1 0 0 1 1 0 0 1 0 1 0 1 0 1 1 0 1 0 1 0 1 0 0 1 1 0 1 0 0 
0 0 1 0 1 1 0 1 0 1 0 1 1 0 0 1 0 1 1 0 1 1 0 1 1 0 0 1 0 1 1 0 0 1 0 1 1 0 0 1 1 0 0 1 0 1 1 0 1 0 1 0 1 1 0 1 1 0 1 0 1 1 0 1 0 0 1 0 0 1 1 0 1 0 1 0 0 1 0 1 0 0 1 0 0 1 0 0 1 1 0 0 1 0 1 0 0 1 0 0 1 1 0 1 0 0 1 0 1 1 0 0 1 1 0 1 0 1 0 0 1 1 0 1 0 0 1 1 0 0 1 1 0 0 1 0 1 1 0 1 0 0 1 0 1 0 1 0 1 1 0 1 1 0 0 1 0 0 1 1 0 0 1 0 1 1 0 1 1 0 1 0 0 1 1 0 1 0 1 0 1 1 0 0 1 1 0 0 1 0 1 0 
1 1 0 1 0 1 0 0 1 0 1 0 0 1 1 0 1 0 0 1 0 1 1 0 0 1 1 0 1 0 0 1 1 0 1 0 0 1 0 1 1 0 1 0 1 1 0 1 1 0 0 1 0 0 1 0 0 1 0 1 1 0 1 0 1 0 0 1 1 0 0 1 0 1 1 0 0 1 1 0 1 1 0 0 1 0 1 1 0 0 1 0 1 0 0 1 1 0 1 1 0 0 1 1 0 1 0 1 1 0 1 1 0 0 1 0 1 0 0 1 1 0 1 0 0 1 1 0 1 0 1 0 0 1 0 1 0 0 1 0 0 1 0 1 0 1 0 1 1 0 1 0 0 1 1 0 1 1 0 1 0 1 0 1 0 0 1 0 0 1 0 1 1 0 0 1 0 1 1 0 1 0 1 0 1 0 0 1 1 0 0 1 
1 1 0 1 0 0 1 0 1 0 0 1 0 1 0 1 0 1 1 0 1 0 0 1 1 0 1 1 0 1 0 0 1 1 0 0 1 0 1 0 0 1 0 1 0 0 1 0 0 1 0 1 1 0 0 1 1 0 0 1 0 1 0 0 1 1 0 1 0 1 1 0 0 1 0 1 1 0 0 1 1 0 0 1 0 0 1 0 0 1 0 1 0 1 0 1 0 1 1 0 1 1 0 0 1 0 1 0 0 1 0 1 0 1 0 1 0 0 1 1 0 1 1 0 1 1 0 0 1 1 0 1 1 0 1 0 1 1 0 1 1 0 0 1 0 1 1 0 0 1 0 0 1 0 0 1 0 1 0 0 1 0 1 0 1 1 0 1 0 1 1 0 1 1 0 0 1 1 0 1 0 1 0 1 0 1 1 0 0 1 1 0 
0 0 1 0 1 1 0 1 0 1 0 0 1 0 1 0 1 0 1 0 1 0 1 1 0 1 0 1 1 0 1 1 0 0 1 1 0 1 0 1 1 0 0 1 1 0 0 1 0 1 1 0 0 1 1 0 0 1 1 0 1 0 1 1 0 1 1 0 1 1 0 1 1 0 1 0 0 1 1 0 0 1 1 0 0 1 0 0 1 0 0 1 1 0 1 0 1 0 0 1 0 0 1 0 1 0 1 0 1 1 0 0 1 1 0 1 0 1 0 0 1 0 0 1 0 0 1 1 0 1 0 1 0 1 0 1 0 0 1 0 1 0 1 0 1 0 0 1 1 0 1 1 0 1 0 0 1 0 1 0 1 0 0 1 1 0 1 0 1 0 0 1 0 0 1 0 1 0 1 1 0 1 0 0 1 0 1 0 1 1 0 1 
0 1 1 0 1 0 0 1 1 0 1 0 0 1 1 0 1 0 0 1 0 1 0 0 1 1 0 0 1 1 0 0 1 1 0 0 1 0 0 1 0 1 1 0 0 1 0 1 1 0 0 1 1 0 0 1 1 0 1 1 0 0 1 1 0 0 1 0 1 0 0 1 0 0 1 1 0 1 0 1 1 0 1 0 1 1 0 1 0 1 1 0 0 1 0 1 1 0 1 0 1 0 0 1 0 1 0 1 0 0 1 0 1 0 1 0 1 0 1 0 0 1 0 1 1 0 1 1 0 0 1 0 1 0 1 1 0 1 1 0 0 1 0 0 1 0 1 0 0 1 1 0 1 0 1 1 0 1 0 1 0 1 1 0 0 1 0 1 0 1 1 0 1 0 1 1 0 0 1 0 1 0 1 0 1 1 0 1 0 0 1 0 
1 0 0 1 0 1 1 0 1 0 0 1 0 1 0 1 0 1 1 0 1 1 0 0 1 0 1 0 0 1 1 0 1 0 1 1 0 0 1 0 1 1 0 1 1 0 1 0 1 0 1 0 0 1 1 0 1 0 0 1 0 1 0 0 1 1 0 1 0 0 1 0 0 1 0 1 1 0 1 0 0 1 0 1 0 0 1 1 0 1 0 0 1 0 1 0 0 1 1 0 1 1 0 1 1 0 0 1 1 0 0 1 0 0 1 0 1 1 0 1 0 1 1 0 1 1 0 0 1 0 0 1 0 1 0 0 1 0 0 1 0 1 0 1 0 1 0 1 1 0 0 1 1 0 1 0 1 1 0 1 1 0 0 1 0 0 1 1 0 0 1 0 1 1 0 0 1 1 0 1 0 1 0 1 0 0 1 0 1 0 1 1 
0 0 1 1 0 0 1 0 0 1 0 1 1 0 1 0 1 0 1 1 0 0 1 1 0 0 1 1 0 0 1 1 0 1 0 0 1 1 0 1 0 0 1 1 0 1 0 1 0 1 0 1 0 1 0 1 0 1 1 0 1 0 1 0 1 1 0 0 1 1 0 0 1 1 0 0 1 0 1 1 0 1 0 0 1 0 1 0 1 0 1 1 0 1 1 0 0 1 0 1 0 0 1 0 1 0 1 0 0 1 1 0 0 1 0 1 0 0 1 0 1 0 1 1 0 1 0 1 0 1 1 0 1 1 0 1 0 1 0 0 1 0 1 0 1 0 1 0 0 1 1 0 0 1 0 0 1 0 1 0 1 0 1 0 1 1 0 0 1 1 0 1 0 1 1 0 1 0 1 0 1 0 0 1 0 1 0 0 1 1 0 1 
1 1 0 0 1 1 0 1 1 0 1 0 1 0 0 1 0 1 0 1 0 1 1 0 1 1 0 0 1 1 0 1 0 0 1 1 0 0 1 0 1 0 1 0 0 1 1 0 1 0 0 1 1 0 1 0 1 1 0 1 0 1 0 1 0 0 1 1 0 0 1 1 0 0 1 0 0 1 0 0 1 0 1 1 0 1 0 0 1 1 0 1 1 0 0 1 1 0 0 1 1 0 1 1 0 1 0 1 1 0 0 1 1 0 0 1 0 1 0 1 0 1 0 0 1 0 1 0 1 1 0 1 1 0 1 1 0 0 1 1 0 1 0 1 0 1 1 0 1 0 0 1 0 1 0 1 0 0 1 0 0 1 0 0 1 0 1 0 1 0 0 1 1 0 0 1 0 1 0 0 1 0 1 0 1 0 1 1 0 0 1 0 
0 1 0 0 1 1 0 1 0 1 0 1 0 1 1 0 0 1 1 0 1 0 0 1 0 1 1 0 0 1 0 0 1 1 0 0 1 1 0 0 1 1 0 1 1 0 0 1 1 0 1 0 0 1 0 1 1 0 1 0 1 0 1 1 0 1 0 0 1 1 0 0 1 0 0 1 0 0 1 1 0 1 0 0 1 0 1 1 0 0 1 0 1 1 0 0 1 0 1 0 0 1 0 0 1 1 0 1 1 0 1 0 1 0 1 0 1 0 1 0 1 0 1 1 0 0 1 1 0 0 1 1 0 1 0 0 1 0 0 1 1 0 1 1 0 1 0 1 0 1 0 0 1 0 1 0 1 1 0 1 1 0 0 1 0 1 0 1 0 1 1 0 0 1 1 0 1 0 1 1 0 1 0 1 0 1 1 0 0 1 0 0 
0 0 1 1 0 0 1 0 1 0 1 1 0 0 1 0 1 0 1 0 0 1 1 0 1 0 0 1 1 0 1 1 0 0 1 0 1 1 0 1 0 0 1 0 0 1 1 0 0 1 1 0 1 0 1 1 0 0 1 1 0 1 0 0 1 0 1 0 1 0 1 1 0 1 0 1 1 0 1 1 0 1 0 0 1 1 0 1 1 0 1 1 0 0 1 1 0 1 1 0 0 1 1 0 1 0 1 0 0 1 0 1 0 1 1 0 0 1 0 1 0 1 0 0 1 1 0 1 0 0 1 0 1 0 1 0 0 1 0 0 1 1 0 0 1 0 0 1 0 0 1 1 0 0 1 1 0 0 1 1 0 1 1 0 1 0 0 1 1 0 0 1 0 0 1 1 0 1 0 0 1 0 1 0 1 0 0 1 1 0 1 1 
1 1 0 0 1 1 0 1 0 1 0 0 1 1 0 1 0 1 0 1 0 1 0 0 1 0 0 1 0 1 1 0 0 1 0 1 0 0 1 0 1 1 0 1 0 1 0 1 0 1 0 1 0 1 0 0 1 1 0 1 0 1 1 0 1 0 0 1 0 1 0 0 1 0 1 0 1 1 0 0 1 0 1 1 0 1 0 0 1 1 0 1 1 0 0 1 0 1 0 1 1 0 0 1 0 1 0 1 0 0 1 0 0 1 0 1 0 1 0 1 1 0 0 1 0 1 1 0 1 1 0 0 1 1 0 1 1 0 1 0 0 1 0 1 0 1 1 0 1 0 1 0 1 1 0 0 1 1 0 0 1 0 1 0 1 0 1 0 0 1 0 0 1 1 0 0 1 0 1 1 0 1 1 0 1 1 0 0 1 1 0 0 
0 0 1 1 0 0 1 0 1 0 1 1 0 1 0 1 0 1 0 1 1 0 0 1 0 1 1 0 0 1 0 1 1 0 1 1 0 1 1 0 1 1 0 0 1 0 0 1 1 0 0 1 1 0 0 1 0 1 1 0 1 0 1 1 0 1 1 0 0 1 1 0 1 1 0 1 0 0 1 1 0 0 1 0 1 0 1 1 0 0 1 0 0 1 1 0 1 0 1 1 0 1 0 1 0 1 0 0 1 1 0 0 1 0 0 1 1 0 1 0 0 1 1 0 1 0 1 0 0 1 0 1 0 0 1 1 0 0 1 1 0 0 1 0 1 0 1 0 0 1 0 1 0 0 1 0 1 0 0 1 0 1 0 1 0 1 0 1 1 0 1 1 0 1 0 1 1 0 1 0 0 1 0 1 0 0 1 1 0 1 0 0 
0 0 1 0 0 1 0 1 0 0 1 0 1 0 1 0 1 0 1 0 1 0 1 0 1 0 1 0 1 0 1 0 1 1 0 0 1 1 0 1 0 0 1 1 0 0 1 0 0 1 1 0 1 0 1 0 1 0 1 0 1 1 0 1 0 0 1 0 1 0 1 1 0 0 1 0 1 1 0 0 1 1 0 1 1 0 0 1 0 1 0 1 0 1 0 1 1 0 1 0 1 0 1 0 1 0 1 0 1 0 1 1 0 1 1 0 0 1 1 0 0 1 1 0 1 0 0 1 1 0 1 1 0 1 0 0 1 1 0 0 1 1 0 1 0 1 0 1 1 0 0 1 0 1 0 1 0 1 1 0 1 0 0 1 0 0 1 0 0 1 0 1 0 0 1 0 0 1 0 1 1 0 0 1 1 0 1 0 1 0 1 1 
1 1 0 0 1 0 1 0 1 1 0 1 0 1 0 0 1 0 1 0 0 1 1 0 1 1 0 1 1 0 0 1 0 0 1 0 1 0 1 0 0 1 0 0 1 1 0 1 0 0 1 1 0 1 1 0 1 0 0 1 0 0 1 0 1 0 0 1 0 1 0 1 0 1 0 1 0 0 1 0 0 1 0 1 0 1 1 0 1 0 0 1 1 0 1 0 0 1 0 1 0 1 0 0 1 1 0 1 0 1 1 0 1 0 0 1 1 0 0 1 1 0 0 1 0 1 1 0 0 1 1 0 1 1 0 0 1 1 0 0 1 0 1 0 1 0 1 1 0 0 1 0 1 1 0 0 1 0 0 1 0 1 1 0 1 0 1 1 0 0 1 0 1 0 1 1 0 0 1 1 0 1 1 0 1 1 0 1 0 1 1 0 
0 1 0 1 0 1 0 1 0 0 1 1 0 0 1 1 0 1 0 1 1 0 0 1 0 0 1 0 0 1 1 0 0 1 0 1 0 1 0 1 1 0 1 0 0 1 0 1 1 0 0 1 1 0 0 1 0 1 1 0 0 1 0 1 0 1 1 0 1 0 1 0 1 0 1 0 1 1 0 1 1 0 1 0 1 0 0 1 1 0 1 0 1 1 0 1 0 1 1 0 1 0 0 1 0 0 1 0 0 1 0 1 1 0 0 1 0 1 0 1 1 0 0 1 1 0 1 0 1 0 0 1 0 0 1 1 0 0 1 1 0 1 1 0 0 1 1 0 0 1 0 1 0 0 1 1 0 1 1 0 1 0 1 1 0 1 0 0 1 0 1 0 0 1 0 0 1 1 0 0 1 1 0 1 0 1 1 0 1 1 0 0 
0 0 1 0 1 0 1 1 0 1 0 0 1 1 0 0 1 0 0 1 0 0 1 0 0 1 1 0 0 1 0 1 1 0 0 1 0 1 1 0 1 0 0 1 0 0 1 0 0 1 1 0 0 1 1 0 1 1 0 0 1 1 0 1 0 1 0 1 0 1 0 1 0 1 0 1 1 0 1 0 0 1 0 1 0 1 0 1 0 1 1 0 0 1 1 0 1 0 0 1 0 0 1 0 1 1 0 1 1 0 0 1 0 1 1 0 0 1 1 0 0 1 1 0 1 1 0 1 0 0 1 1 0 0 1 1 0 0 1 0 1 0 0 1 1 0 0 1 1 0 0 1 1 0 1 0 1 1 0 0 1 1 0 1 0 1 0 1 0 1 0 1 0 1 0 1 1 0 1 1 0 0 1 1 0 0 1 1 0 0 1 1 
1 1 0 1 0 1 0 0 1 0 0 1 0 1 0 1 0 1 1 0 1 1 0 1 1 0 0 1 1 0 1 1 0 1 1 0 1 0 0 1 0 1 0 1 1 0 0 1 0 0 1 0 0 1 0 0 1 0 0 1 0 0 1 0 1 0 1 0 1 0 0 1 0 0 1 0 0 1 0 1 0 1 1 0 1 0 1 0 1 0 0 1 1 0 0 1 0 1 1 0 0 1 1 0 1 0 0 1 1 0 1 0 1 0 0 1 1 0 1 1 0 1 0 1 0 0 1 0 1 1 0 0 1 1 0 0 1 1 0 1 1 0 1 0 1 0 1 0 0 1 1 0 0 1 0 1 0 0 1 1 0 0 1 0 1 0 1 0 0 1 1 0 1 0 1 1 0 1 0 0 1 0 1 0 1 1 0 1 1 0 1 1 
0 1 0 1 0 1 0 0 1 0 1 0 1 0 1 1 0 0 1 0 1 0 1 0 1 1 0 0 1 1 0 0 1 1 0 1 0 1 0 1 0 1 1 0 0 1 0 1 1 0 0 1 1 0 0 1 0 0 1 1 0 0 1 0 0 1 0 0 1 0 1 0 1 1 0 0 1 1 0 1 1 0 1 0 1 1 0 0 1 1 0 1 1 0 0 1 1 0 0 1 1 0 0 1 0 1 1 0 0 1 0 1 1 0 1 0 0 1 0 0 1 0 1 0 0 1 0 1 0 1 0 1 0 1 1 0 1 0 0 1 0 1 0 1 0 1 0 1 1 0 1 1 0 0 1 1 0 1 1 0 0 1 1 0 1 1 0 1 1 0 0 1 1 0 1 0 1 0 0 1 0 1 0 0 1 0 1 0 1 1 0 0 
1 0 1 0 1 0 1 1 0 1 0 1 0 1 0 0 1 1 0 1 0 1 0 1 0 0 1 1 0 0 1 1 0 0 1 1 0 0 1 0 1 0 0 1 1 0 1 0 0 1 1 0 1 0 1 1 0 1 0 0 1 1 0 1 1 0 1 1 0 1 1 0 1 1 0 1 1 0 1 0 1 1 0 1 0 0 1 1 0 0 1 0 0 1 1 0 1 1 0 0 1 0 1 0 1 0 0 1 0 0 1 0 0 1 0 0 1 0 0 1 1 0 0 1 1 0 1 0 1 0 1 0 1 0 0 1 0 1 1 0 1 0 1 0 0 1 1 0 1 0 0 1 1 0 1 0 1 0 0 1 1 0 0 1 0 0 1 0 1 1 0 1 0 1 0 0 1 0 1 0 1 0 0 1 0 0 1 1 0 1 1 0 
0 1 1 0 0 1 0 0 1 0 0 1 1 0 1 0 0 1 0 0 1 0 0 1 0 1 0 1 0 1 0 1 0 1 1 0 1 1 0 1 0 1 0 1 0 1 1 0 1 0 1 1 0 1 1 0 1 0 1 1 0 1 0 0 1 1 0 1 1 0 0 1 0 0 1 1 0 0 1 1 0 0 1 0 1 1 0 1 1 0 0 1 0 1 0 1 0 0 1 0 0 1 0 1 0 1 0 0 1 0 1 1 0 0 1 1 0 1 1 0 0 1 0 0 1 1 0 1 0 1 0 0 1 0 1 0 1 1 0 1 0 1 0 0 1 0 0 1 0 1 0 0 1 1 0 1 0 1 0 1 0 1 1 0 0 1 0 1 0 1 1 0 1 0 1 1 0 1 0 1 0 1 1 0 1 1 0 0 1 0 0 1 
1 1 0 1 1 0 1 0 1 0 1 0 0 1 0 1 1 0 1 1 0 1 1 0 1 1 0 0 1 1 0 0 1 0 0 1 0 1 1 0 1 0 1 0 0 1 0 1 1 0 0 1 0 1 0 0 1 0 1 1 0 0 1 1 0 0 1 0 1 0 0 1 1 0 1 0 0 1 0 1 0 1 0 1 0 0 1 0 0 1 0 1 1 0 1 0 1 1 0 1 1 0 1 0 1 0 1 0 1 1 0 0 1 0 1 1 0 0 1 1 0 0 1 0 0 1 0 0 1 1 0 1 0 1 1 0 1 0 1 1 0 0 1 1 0 1 0 1 1 0 1 0 0 1 0 0 1 0 1 0 1 0 0 1 1 0 1 0 1 0 0 1 0 1 0 1 0 1 1 0 0 1 0 0 1 0 0 1 1 0 0 1 
0 0 1 1 0 1 0 1 0 1 0 1 1 0 0 1 0 1 1 0 0 1 1 0 1 0 1 1 0 0 1 0 1 1 0 0 1 0 0 1 0 1 0 1 1 0 0 1 0 1 1 0 1 0 0 1 0 1 0 0 1 0 1 0 1 0 1 0 0 1 1 0 0 1 0 1 1 0 1 0 1 1 0 1 1 0 1 0 1 0 1 0 0 1 0 0 1 0 1 1 0 1 0 1 0 1 0 1 0 1 0 1 0 1 0 0 1 1 0 0 1 1 0 1 0 0 1 1 0 0 1 0 1 0 0 1 0 1 0 0 1 1 0 1 0 0 1 0 1 0 0 1 1 0 1 1 0 0 1 1 0 0 1 1 0 1 0 1 1 0 1 0 1 0 1 0 1 0 0 1 1 0 1 1 0 1 1 0 0 1 1 0 
1 0 1 0 0 1 0 0 1 0 1 0 0 1 1 0 1 0 0 1 1 0 0 1 0 1 1 0 0 1 0 1 0 0 1 0 1 0 1 0 0 1 1 0 1 0 1 0 1 0 1 0 1 0 1 0 1 0 1 1 0 1 0 1 0 1 0 1 0 0 1 0 1 1 0 1 0 0 1 0 1 0 1 0 1 1 0 1 0 0 1 0 1 0 1 1 0 0 1 0 0 1 1 0 1 0 0 1 0 0 1 0 1 0 1 0 0 1 1 0 1 0 1 0 1 1 0 0 1 1 0 1 0 1 0 1 0 0 1 0 1 0 1 0 1 1 0 1 0 1 1 0 1 0 1 0 0 1 0 1 0 1 1 0 1 0 1 1 0 1 0 1 0 1 0 1 1 0 0 1 1 0 0 1 1 0 1 1 0 1 1 0 
0 1 0 0 1 0 1 1 0 1 0 1 0 0 1 0 1 1 0 0 1 0 0 1 0 1 0 0 1 0 1 0 1 0 0 1 0 1 0 0 1 0 1 0 0 1 0 0 1 1 0 1 0 1 1 0 0 1 0 1 1 0 0 1 0 0 1 0 1 1 0 1 1 0 1 0 1 1 0 1 0 1 0 1 0 1 0 0 1 1 0 1 0 1 1 0 1 1 0 0 1 0 0 1 0 1 1 0 1 1 0 1 0 0 1 1 0 0 1 1 0 0 1 0 1 0 1 0 1 0 1 0 1 0 1 0 1 1 0 1 0 1 0 1 1 0 1 0 1 0 0 1 0 1 0 1 1 0 1 0 1 1 0 1 0 1 1 0 0 1 1 0 0 1 1 0 0 1 1 0 0 1 1 0 1 0 0 1 1 0 0 1 
1 1 0 1 1 0 1 0 1 1 0 0 1 0 0 1 0 0 1 0 0 1 1 0 1 0 0 1 0 1 0 0 1 1 0 1 1 0 0 1 0 1 0 1 1 0 1 1 0 0 1 1 0 1 0 1 1 0 1 0 0 1 1 0 1 0 1 1 0 0 1 0 0 1 0 1 0 1 0 1 1 0 0 1 1 0 1 0 0 1 1 0 0 1 0 1 0 1 0 1 0 1 0 1 0 0 1 0 0 1 1 0 1 1 0 0 1 1 0 0 1 1 0 1 0 1 0 1 0 1 0 1 0 0 1 0 0 1 0 1 0 1 1 0 0 1 0 0 1 1 0 1 1 0 1 0 0 1 0 0 1 0 1 0 1 0 0 1 1 0 0 1 1 0 0 1 1 0 0 1 0 1 0 1 0 1 1 0 1 1 0 1 
0 0 1 1 0 1 0 1 0 0 1 0 0 1 0 0 1 1 0 1 1 0 0 1 1 0 1 0 0 1 0 1 0 0 1 0 0 1 1 0 1 0 1 1 0 1 0 1 0 1 0 0 1 0 0 1 0 1 1 0 0 1 1 0 1 1 0 0 1 0 1 0 1 0 1 0 1 0 1 0 0 1 1 0 1 1 0 1 1 0 1 0 1 0 0 1 1 0 1 1 0 1 1 0 1 1 0 1 1 0 1 0 0 1 0 1 1 0 1 0 1 0 1 1 0 0 1 0 0 1 1 0 0 1 0 1 0 0 1 0 1 0 1 1 0 0 1 1 0 0 1 0 1 1 0 0 1 1 0 1 0 1 1 0 0 1 1 0 0 1 0 0 1 1 0 1 0 0 1 0 1 0 1 0 1 0 1 1 0 0 1 0 
0 0 1 0 1 0 1 0 1 0 1 1 0 0 1 1 0 1 0 1 0 1 1 0 0 1 0 1 1 0 1 0 1 1 0 1 0 0 1 1 0 1 0 0 1 0 1 0 1 0 1 1 0 0 1 0 1 0 0 1 1 0 0 1 0 0 1 1 0 1 0 1 0 1 1 0 0 1 0 1 1 0 0 1 0 1 1 0 1 1 0 1 0 1 1 0 1 1 0 0 1 0 0 1 1 0 0 1 0 1 0 1 1 0 1 0 0 1 0 1 0 0 1 0 1 1 0 1 1 0 0 1 1 0 0 1 1 0 1 1 0 1 0 0 1 1 0 0 1 1 0 1 0 0 1 1 0 0 1 0 1 0 0 1 1 0 0 1 0 0 1 0 0 1 1 0 1 1 0 0 1 0 0 1 0 1 0 0 1 1 0 1 
1 1 0 1 0 1 0 0 1 1 0 1 1 0 1 0 1 0 1 0 1 0 1 0 0 1 0 0 1 1 0 1 0 1 0 0 1 0 0 1 0 0 1 1 0 1 1 0 0 1 0 1 0 1 1 0 0 1 1 0 0 1 0 1 0 1 0 0 1 1 0 0 1 0 0 1 1 0 0 1 0 1 0 1 1 0 1 1 0 1 0 1 1 0 1 0 0 1 0 1 0 0 1 0 0 1 1 0 0 1 1 0 1 0 1 1 0 0 1 1 0 1 0 0 1 0 0 1 0 1 0 1 0 1 1 0 1 1 0 1 0 0 1 1 0 1 0 0 1 0 1 0 0 1 0 0 1 0 1 0 0 1 1 0 1 0 1 0 1 0 1 1 0 0 1 1 0 1 0 1 0 1 0 1 1 0 1 1 0 1 1 0 
1 1 0 1 1 0 1 1 0 1 0 0 1 1 0 1 1 0 0 1 0 1 0 1 1 0 1 1 0 0 1 1 0 0 1 1 0 1 1 0 1 0 1 0 0 1 0 1 1 0 1 0 1 0 0 1 0 1 0 0 1 0 1 0 1 1 0 1 0 0 1 1 0 0 1 1 0 1 1 0 1 0 1 0 0 1 0 0 1 0 1 0 1 0 0 1 0 0 1 0 1 1 0 1 0 0 1 0 1 0 0 1 0 1 0 0 1 1 0 0 1 1 0 1 0 0 1 0 1 0 1 0 0 1 0 1 0 0 1 0 1 1 0 1 1 0 1 1 0 1 0 1 1 0 1 0 1 1 0 1 0 1 0 1 0 1 0 1 0 1 0 0 1 0 0 1 0 0 1 0 0 1 1 0 0 1 1 0 1 0 0 1 
0 0 1 0 1 0 1 0 1 0 1 1 0 0 1 1 0 1 0 1 1 0 1 0 0 1 0 1 0 1 1 0 1 1 0 0 1 0 0 1 0 1 0 1 1 0 1 0 1 0 0 1 1 0 1 0 1 0 1 1 0 0 1 0 1 0 1 1 0 1 0 0 1 1 0 0 1 0 1 1 0 1 0 0 1 1 0 1 0 1 1 0 0 1 1 0 1 1 0 1 0 0 1 0 1 0 0 1 0 1 0 1 0 1 1 0 0 1 1 0 1 0 1 0 1 1 0 0 1 0 0 1 1 0 0 1 0 1 1 0 0 1 1 0 1 0 1 0 1 1 0 0 1 0 0 1 0 0 1 0 1 0 1 0 1 0 1 0 1 0 1 0 1 1 0 0 1 1 0 0 1 0 0 1 1 0 0 1 0 1 1 0 
1 0 1 0 0 1 0 1 0 1 1 0 1 1 0 0 1 0 1 0 0 1 1 0 0 1 1 0 1 0 0 1 0 0 1 1 0 1 1 0 1 0 1 0 1 0 1 0 0 1 1 0 0 1 1 0 1 0 0 1 0 1 0 1 0 1 1 0 1 0 1 0 1 1 0 0 1 1 0 1 0 1 0 1 0 0 1 0 1 0 0 1 1 0 0 1 1 0 1 0 0 1 0 0 1 1 0 1 1 0 1 0 1 0 0 1 1 0 0 1 0 0 1 1 0 1 0 1 0 1 1 0 1 0 1 0 1 0 0 1 1 0 0 1 0 1 0 1 1 0 1 1 0 1 1 0 0 1 0 0 1 1 0 1 1 0 0 1 1 0 1 1 0 0 1 1 0 0 1 1 0 0 1 0 0 1 0 1 0 0 1 0 
0 1 0 1 1 0 0 1 1 0 0 1 0 1 1 0 1 0 1 0 0 1 0 1 1 0 0 1 0 1 0 1 0 1 1 0 0 1 0 1 0 1 1 0 0 1 0 1 0 1 0 1 1 0 0 1 0 1 1 0 1 0 0 1 1 0 0 1 0 1 0 1 0 0 1 1 0 1 0 0 1 0 1 0 1 0 0 1 0 1 0 0 1 0 0 1 0 1 1 0 1 1 0 1 0 1 1 0 1 0 0 1 0 1 1 0 0 1 0 1 0 1 0 0 1 0 1 0 1 0 0 1 0 1 0 0 1 1 0 0 1 1 0 1 0 1 1 0 0 1 1 0 1 1 0 1 1 0 1 1 0 1 0 1 0 1 0 1 0 1 0 1 0 1 0 1 1 0 0 1 0 1 0 1 0 0 1 0 1 1 0 1 
1 0 1 0 1 0 1 0 0 1 1 0 1 0 0 1 0 1 0 1 1 0 1 0 1 0 1 0 1 0 1 0 1 0 0 1 1 0 0 1 0 1 0 1 1 0 0 1 1 0 1 0 0 1 0 0 1 0 1 0 0 1 1 0 0 1 1 0 1 1 0 1 0 0 1 0 1 0 1 1 0 0 1 1 0 1 0 1 0 1 1 0 0 1 1 0 1 1 0 1 1 0 1 0 1 0 1 1 0 1 0 0 1 0 0 1 0 1 1 0 1 0 0 1 0 1 1 0 0 1 0 1 0 0 1 1 0 0 1 1 0 0 1 0 1 0 1 0 0 1 0 1 0 0 1 0 1 0 0 1 1 0 1 0 1 0 1 0 0 1 1 0 1 0 1 0 0 1 1 0 1 1 0 0 1 0 1 1 0 0 1 1 
0 1 1 0 0 1 1 0 1 0 1 1 0 1 1 0 0 1 1 0 0 1 0 1 0 1 0 1 0 0 1 0 1 0 1 0 1 0 1 0 1 0 1 0 1 0 1 0 1 1 0 1 0 0 1 1 0 1 0 1 0 1 1 0 0 1 0 1 1 0 1 0 1 1 0 1 0 1 0 0 1 1 0 1 1 0 1 0 1 0 0 1 0 0 1 1 0 0 1 1 0 1 0 1 1 0 0 1 0 1 1 0 1 0 0 1 1 0 1 0 1 0 1 0 1 1 0 1 1 0 1 0 1 0 1 0 0 1 0 0 1 0 0 1 1 0 0 1 1 0 1 0 1 0 1 1 0 1 0 0 1 1 0 1 0 1 0 0 1 0 0 1 0 0 1 1 0 1 0 1 0 0 1 0 0 1 0 0 1 1 0 0 
1 1 0 1 1 0 0 1 0 1 0 1 1 0 0 1 1 0 0 1 0 0 1 0 1 0 1 0 0 1 0 1 0 1 0 1 0 1 0 1 0 1 0 1 0 1 0 1 0 1 0 0 1 1 0 1 0 1 0 0 1 0 0 1 1 0 1 0 0 1 0 1 0 1 0 0 1 1 0 1 0 1 1 0 0 1 0 1 0 1 1 0 1 1 0 1 0 0 1 0 0 1 1 0 0 1 1 0 1 0 0 1 0 1 1 0 1 0 0 1 0 1 0 1 0 0 1 1 0 1 1 0 1 1 0 0 1 0 1 1 0 1 0 1 0 1 1 0 0 1 0 1 0 1 0 0 1 0 1 1 0 1 0 0 1 1 0 1 0 1 1 0 1 1 0 0 1 0 0 1 1 0 0 1 1 0 0 1 0 0 1 1 
1 0 1 0 0 1 1 0 0 1 1 0 1 1 0 0 1 0 1 0 1 1 0 1 1 0 1 0 1 0 1 0 1 0 1 0 0 1 1 0 1 1 0 0 1 0 1 0 1 0 1 1 0 1 0 0 1 0 1 1 0 1 1 0 1 0 0 1 1 0 0 1 1 0 1 1 0 0 1 1 0 0 1 0 1 0 1 0 1 1 0 1 1 0 1 0 1 1 0 1 1 0 1 0 1 0 1 0 0 1 0 1 1 0 0 1 0 1 0 0 1 0 1 1 0 0 1 0 1 0 0 1 0 0 1 1 0 0 1 0 0 1 1 0 1 0 1 0 1 0 1 0 1 0 1 1 0 0 1 1 0 0 1 1 0 0 1 0 1 0 0 1 1 0 0 1 1 0 1 0 0 1 0 0 1 0 1 0 0 1 0 0 
0 1 1 0 1 0 0 1 1 0 0 1 0 1 1 0 0 1 1 0 1 0 1 0 0 1 0 1 0 0 1 0 0 1 0 1 1 0 1 0 1 0 1 1 0 1 0 1 1 0 1 0 1 0 1 1 0 1 1 0 1 1 0 1 0 1 0 1 0 1 1 0 0 1 0 0 1 1 0 0 1 1 0 1 0 0 1 1 0 0 1 1 0 0 1 0 0 1 1 0 0 1 0 1 1 0 0 1 0 0 1 0 1 0 0 1 0 0 1 1 0 1 0 0 1 1 0 1 0 1 0 0 1 0 1 0 1 1 0 0 1 0 1 0 0 1 0 1 0 1 1 0 0 1 0 0 1 1 0 0 1 0 1 0 1 1 0 1 0 1 0 1 0 0 1 0 0 1 1 0 1 0 1 1 0 1 0 1 1 0 1 1 
1 0 0 1 0 1 1 0 1 0 0 1 0 0 1 1 0 1 0 1 0 0 1 0 1 1 0 0 1 1 0 1 1 0 1 0 1 1 0 1 0 0 1 0 0 1 1 0 0 1 0 0 1 0 1 0 1 1 0 0 1 0 1 0 1 0 1 0 1 1 0 1 1 0 1 0 0 1 1 0 0 1 1 0 1 1 0 1 0 0 1 0 0 1 0 1 0 0 1 1 0 0 1 1 0 1 0 0 1 0 1 1 0 1 1 0 1 1 0 1 0 0 1 1 0 1 0 0 1 0 1 1 0 1 0 1 0 1 0 1 1 0 0 1 1 0 0 1 1 0 0 1 0 1 0 1 0 1 0 0 1 1 0 0 1 0 1 0 0 1 1 0 0 1 0 1 1 0 0 1 0 0 1 0 1 0 1 1 0 1 0 1 
0 1 0 1 0 0 1 0 0 1 1 0 1 1 0 1 1 0 0 1 0 1 0 1 0 0 1 1 0 1 1 0 0 1 0 1 0 0 1 0 1 1 0 0 1 0 0 1 1 0 1 1 0 1 0 0 1 0 0 1 0 1 0 1 1 0 1 1 0 0 1 0 1 1 0 1 1 0 0 1 1 0 1 1 0 0 1 0 1 1 0 1 1 0 0 1 1 0 0 1 1 0 1 0 1 0 1 1 0 1 0 1 0 1 0 0 1 0 1 0 1 1 0 0 1 0 1 1 0 1 0 0 1 1 0 1 0 0 1 0 0 1 0 1 0 0 1 0 0 1 0 1 1 0 1 0 1 0 1 1 0 0 1 1 0 1 0 0 1 0 1 0 1 0 1 0 1 1 0 0 1 1 0 1 0 0 1 0 1 0 1 0 
0 0 1 0 1 0 0 1 0 1 0 1 0 0 1 0 0 1 1 0 1 0 1 1 0 1 0 1 1 0 0 1 1 0 1 0 1 0 1 1 0 0 1 1 0 1 0 0 1 1 0 1 1 0 1 1 0 0 1 0 1 0 1 1 0 1 0 0 1 0 0 1 0 1 0 1 0 1 0 1 1 0 0 1 0 1 0 1 0 1 1 0 0 1 1 0 0 1 1 0 1 1 0 0 1 1 0 0 1 0 1 0 1 0 1 1 0 1 0 1 1 0 0 1 0 1 1 0 1 0 1 1 0 0 1 0 1 1 0 1 0 1 1 0 0 1 0 1 0 0 1 0 0 1 1 0 0 1 0 0 1 0 1 0 1 0 1 1 0 1 0 1 0 1 0 1 0 1 1 0 1 0 0 1 0 1 0 1 0 1 0 0 
1 0 0 1 0 1 0 1 1 0 1 0 0 1 0 0 1 0 1 0 0 1 0 0 1 0 1 0 1 0 1 0 0 1 0 1 0 1 0 1 0 1 0 0 1 0 1 1 0 1 1 0 0 1 0 0 1 1 0 0 1 1 0 0 1 0 1 0 1 1 0 0 1 0 1 0 0 1 1 0 0 1 0 0 1 0 1 0 1 0 0 1 1 0 0 1 1 0 0 1 0 0 1 1 0 1 1 0 1 1 0 0 1 1 0 0 1 1 0 1 0 0 1 0 1 0 0 1 1 0 0 1 1 0 1 1 0 1 1 0 1 0 1 0 1 0 1 0 1 1 0 1 0 1 0 1 1 0 1 1 0 1 0 1 0 1 0 1 0 1 1 0 1 0 1 1 0 0 1 1 0 1 1 0 1 0 1 0 1 0 0 1 
0 1 1 0 0 1 1 0 1 0 1 0 1 1 0 1 1 0 0 1 1 0 1 0 0 1 1 0 0 1 0 1 1 0 0 1 0 1 0 0 1 0 1 1 0 0 1 0 1 0 1 0 1 1 0 1 0 0 1 1 0 0 1 0 1 1 0 1 0 0 1 1 0 1 1 0 1 0 1 0 1 0 1 1 0 1 0 1 0 0 1 0 1 0 0 1 0 1 0 0 1 1 0 0 1 0 1 1 0 0 1 1 0 1 0 1 0 0 1 0 0 1 0 0 1 0 1 1 0 1 1 0 1 1 0 1 1 0 0 1 0 1 0 1 0 1 0 1 0 0 1 0 1 0 1 0 1 1 0 1 0 1 1 0 1 0 1 0 1 0 0 1 0 1 0 0 1 1 0 1 0 1 0 1 1 0 0 1 0 0 1 0 
1 0 1 0 1 0 0 1 0 1 0 1 0 0 1 0 0 1 1 0 1 0 0 1 1 0 0 1 1 0 1 0 0 1 1 0 1 0 1 0 1 0 1 0 1 1 0 0 1 0 0 1 1 0 1 0 0 1 1 0 0 1 0 1 0 0 1 1 0 0 1 1 0 1 0 1 1 0 0 1 1 0 0 1 0 1 1 0 1 1 0 1 0 1 1 0 1 0 1 1 0 1 0 0 1 0 0 1 0 0 1 0 1 0 1 0 1 0 0 1 1 0 1 1 0 1 1 0 1 0 1 0 0 1 1 0 0 1 0 1 1 0 1 0 1 0 1 0 0 1 0 1 0 0 1 1 0 1 1 0 1 0 0 1 1 0 1 0 0 1 1 0 1 0 0 1 0 1 1 0 1 0 0 1 0 1 1 0 0 1 0 1 
1 1 0 1 0 1 1 0 1 0 1 0 1 0 1 1 0 0 1 1 0 1 1 0 1 1 0 1 0 1 1 0 0 1 0 0 1 0 1 1 0 1 0 1 0 1 0 1 0 1 0 1 0 0 1 0 1 1 0 0 1 1 0 1 0 1 0 0 1 1 0 0 1 0 0 1 0 1 1 0 0 1 1 0 1 0 0 1 0 0 1 1 0 0 1 1 0 0 1 0 1 0 1 1 0 1 1 0 1 1 0 1 0 1 0 1 0 1 1 0 0 1 0 0 1 0 0 1 1 0 0 1 1 0 0 1 0 0 1 0 1 1 0 0 1 0 1 0 1 1 0 0 1 1 0 0 1 0 0 1 0 1 1 0 0 1 0 1 0 1 0 1 0 0 1 0 1 0 0 1 0 0 1 0 1 1 0 1 1 0 1 0 
0 1 0 1 1 0 1 0 0 1 0 1 0 1 0 1 1 0 0 1 1 0 0 1 0 0 1 0 1 0 0 1 1 0 1 1 0 1 0 0 1 1 0 0 1 0 1 0 1 0 1 0 1 1 0 1 1 0 0 1 0 0 1 0 1 0 1 0 0 1 1 0 1 0 1 0 1 0 0 1 0 1 1 0 1 0 1 1 0 1 1 0 1 0 0 1 0 1 0 0 1 1 0 0 1 1 0 1 0 1 1 0 0 1 1 0 1 0 1 0 1 1 0 1 0 1 0 1 0 1 0 0 1 0 0 1 1 0 1 0 0 1 0 1 0 1 0 1 1 0 1 1 0 0 1 0 1 0 1 1 0 0 1 1 0 1 0 0 1 0 0 1 0 1 1 0 0 1 1 0 1 1 0 1 0 0 1 0 0 1 0 1 
1 0 1 0 0 1 0 1 1 0 0 1 0 0 1 0 0 1 0 0 1 0 1 1 0 1 0 0 1 1 0 0 1 1 0 1 1 0 0 1 0 0 1 0 0 1 0 1 0 0 1 1 0 0 1 1 0 0 1 0 1 0 0 1 1 0 0 1 0 0 1 1 0 1 1 0 0 1 1 0 1 0 0 1 0 1 1 0 1 0 0 1 0 1 1 0 1 0 0 1 0 0 1 1 0 0 1 1 0 0 1 0 1 0 1 0 1 1 0 1 1 0 1 1 0 1 1 0 1 0 1 1 0 1 1 0 0 1 0 1 0 0 1 0 1 0 1 1 0 1 0 0 1 0 1 1 0 1 1 0 1 1 0 1 1 0 1 0 1 0 1 0 1 0 0 1 1 0 0 1 1 0 1 0 0 1 0 1 0 1 1 0 
0 0 1 1 0 1 1 0 0 1 1 0 1 1 0 1 0 0 1 1 0 1 0 0 1 1 0 1 0 0 1 0 0 1 0 0 1 0 1 1 0 0 1 1 0 1 1 0 1 1 0 1 1 0 1 0 0 1 1 0 0 1 0 1 0 1 1 0 1 1 0 0 1 0 0 1 0 1 1 0 0 1 1 0 1 0 0 1 0 0 1 0 0 1 0 1 0 1 1 0 0 1 1 0 0 1 1 0 1 0 0 1 0 1 0 1 0 0 1 1 0 0 1 0 1 0 1 1 0 0 1 0 1 1 0 0 1 1 0 0 1 0 0 1 0 1 0 0 1 0 1 0 1 1 0 0 1 0 0 1 0 1 1 0 1 0 1 1 0 1 1 0 1 0 1 1 0 1 0 1 0 1 1 0 1 0 1 0 1 0 0 1 
0 1 0 0 1 0 1 0 1 0 1 0 1 1 0 0 1 0 0 1 0 1 0 1 0 0 1 1 0 1 0 1 1 0 1 0 0 1 1 0 1 1 0 0 1 0 0 1 0 1 1 0 0 1 0 0 1 1 0 1 1 0 1 0 1 1 0 1 0 0 1 0 1 1 0 0 1 0 0 1 0 1 0 1 0 0 1 0 1 1 0 1 1 0 1 0 1 0 0 1 1 0 0 1 1 0 0 1 0 1 1 0 1 1 0 0 1 1 0 0 1 1 0 1 0 1 0 1 0 1 0 0 1 0 1 1 0 0 1 0 0 1 1 0 1 0 0 1 0 1 0 1 0 1 0 1 0 1 1 0 1 0 1 1 0 1 0 1 1 0 0 1 0 1 1 0 1 0 1 0 0 1 0 1 0 1 0 1 0 1 0 1 
1 0 0 1 1 0 0 1 1 0 0 1 0 0 1 1 0 1 1 0 1 0 1 0 1 0 1 0 1 1 0 1 1 0 0 1 1 0 0 1 0 0 1 0 1 0 1 0 1 0 1 0 1 1 0 1 0 0 1 1 0 1 0 1 0 0 1 1 0 1 0 1 0 0 1 1 0 1 1 0 1 0 1 1 0 1 0 1 0 0 1 1 0 1 1 0 0 1 1 0 0 1 0 1 0 1 0 1 0 0 1 1 0 0 1 0 1 1 0 0 1 0 0 1 0 0 1 0 1 0 1 1 0 1 0 1 0 1 0 1 0 1 0 1 1 0 1 0 1 0 1 1 0 0 1 0 0 1 1 0 0 1 0 1 0 0 1 0 0 1 1 0 0 1 0 1 1 0 0 1 1 0 1 0 1 1 0 0 1 0 1 0 
0 0 1 0 0 1 0 1 0 1 1 0 0 1 0 1 0 1 0 1 0 1 0 1 0 1 0 1 0 0 1 0 0 1 1 0 1 0 1 0 1 0 0 1 0 1 0 0 1 0 0 1 0 0 1 1 0 1 0 0 1 1 0 1 0 1 1 0 1 0 1 0 1 1 0 0 1 1 0 1 0 1 0 0 1 0 1 1 0 1 1 0 1 1 0 1 0 0 1 1 0 1 1 0 1 0 1 0 1 0 0 1 0 1 0 1 0 0 1 1 0 1 1 0 1 1 0 0 1 1 0 1 1 0 1 0 1 1 0 1 1 0 0 1 0 1 0 1 0 1 0 0 1 1 0 1 1 0 0 1 0 0 1 0 1 1 0 0 1 0 0 1 1 0 1 0 0 1 1 0 0 1 0 1 0 0 1 1 0 1 1 0 
0 1 0 1 0 0 1 0 0 1 1 0 1 0 1 0 1 0 1 0 0 1 1 0 1 1 0 0 1 1 0 1 1 0 1 1 0 1 0 1 0 1 1 0 1 0 1 1 0 1 1 0 0 1 0 0 1 0 1 0 1 0 1 0 1 1 0 1 0 0 1 0 1 0 1 1 0 0 1 0 0 1 0 0 1 0 1 0 1 1 0 1 0 0 1 0 1 1 0 0 1 0 0 1 0 1 0 1 0 1 1 0 1 1 0 0 1 1 0 1 0 0 1 1 0 0 1 1 0 0 1 0 1 1 0 1 1 0 1 0 0 1 1 0 1 0 0 1 0 0 1 0 1 0 1 1 0 1 0 0 1 0 1 1 0 0 1 1 0 1 0 1 1 0 0 1 0 1 0 1 1 0 0 1 0 1 0 0 1 0 0 1 
1 1 0 1 1 0 1 0 1 0 0 1 1 0 0 1 1 0 1 0 1 0 0 1 0 0 1 1 0 0 1 0 0 1 0 1 0 0 1 0 1 0 1 0 1 1 0 1 0 1 0 0 1 0 1 1 0 1 0 1 0 1 0 1 1 0 1 0 1 1 0 1 0 1 0 1 0 1 0 0 1 0 1 1 0 1 0 0 1 0 1 0 1 0 1 0 1 0 1 0 1 0 1 0 0 1 1 0 0 1 0 0 1 0 1 1 0 1 1 0 1 1 0 1 0 1 0 1 1 0 1 0 0 1 1 0 0 1 0 0 1 0 1 0 1 0 1 0 1 1 0 1 0 1 1 0 1 0 1 0 0 1 0 1 0 1 0 1 0 0 1 0 0 1 0 0 1 0 1 0 0 1 1 0 1 1 0 1 1 0 0 1 
0 0 1 0 0 1 0 1 1 0 1 1 0 1 1 0 0 1 0 1 0 1 0 0 1 0 1 1 0 1 0 1 1 0 1 0 1 0 1 0 0 1 0 1 0 0 1 0 1 0 1 1 0 0 1 0 1 0 0 1 0 1 0 1 0 1 0 1 0 0 1 0 1 0 1 0 1 1 0 1 1 0 0 1 0 0 1 1 0 1 0 1 0 1 0 1 0 1 0 1 0 1 0 1 1 0 0 1 1 0 1 1 0 1 1 0 1 0 0 1 0 1 1 0 1 0 1 0 0 1 0 1 1 0 0 1 1 0 0 1 1 0 0 1 0 1 0 1 0 1 1 0 1 0 0 1 1 0 0 1 1 0 1 0 1 1 0 0 1 1 0 0 1 0 1 0 0 1 0 1 1 0 0 1 0 0 1 1 0 1 1 0 
1 0 1 0 0 1 1 0 0 1 0 0 1 1 0 0 1 0 1 1 0 0 1 1 0 1 0 0 1 1 0 1 0 1 0 0 1 1 0 1 1 0 1 0 1 1 0 1 0 1 0 0 1 1 0 1 0 1 1 0 1 0 1 0 0 1 0 0 1 0 1 0 0 1 0 1 0 0 1 0 0 1 1 0 1 1 0 0 1 1 0 0 1 0 1 0 1 0 1 0 1 1 0 0 1 1 0 1 0 1 0 1 1 0 0 1 0 1 1 0 1 0 0 1 0 0 1 0 1 0 1 1 0 1 0 1 0 1 1 0 0 1 0 1 0 1 1 0 1 0 0 1 0 0 1 1 0 1 0 0 1 1 0 0 1 0 1 0 1 0 1 1 0 1 0 1 0 0 1 0 1 1 0 0 1 1 0 0 1 0 1 1 
1 1 0 1 1 0 1 0 1 0 1 0 1 0 0 1 0 0 1 0 1 1 0 1 1 0 1 0 1 0 1 0 1 0 1 1 0 0 1 1 0 0 1 1 0 1 1 0 1 0 1 0 1 0 1 0 1 1 0 0 1 0 1 0 1 0 1 1 0 1 0 1 0 1 0 1 1 0 0 1 1 0 0 1 1 0 0 1 0 0 1 1 0 1 0 0 1 0 0 1 0 0 1 0 0 1 1 0 1 1 0 0 1 1 0 1 0 1 0 1 0 1 1 0 0 1 0 1 0 1 0 0 1 0 1 0 1 0 1 1 0 0 1 0 1 0 1 1 0 1 1 0 1 1 0 0 1 0 1 0 0 1 0 1 0 1 0 1 0 1 0 0 1 0 1 0 1 1 0 1 0 0 1 1 0 0 1 0 0 1 0 0 
0 0 1 0 0 1 0 1 0 1 0 1 0 0 1 1 0 1 0 0 1 0 1 0 1 0 1 1 0 1 0 1 1 0 1 1 0 1 0 0 1 1 0 1 1 0 1 0 0 1 0 1 0 1 0 0 1 0 0 1 0 1 0 1 1 0 0 1 1 0 0 1 1 0 1 0 0 1 1 0 0 1 1 0 0 1 1 0 1 0 1 0 1 0 0 1 0 1 1 0 0 1 0 1 0 0 1 1 0 0 1 0 0 1 1 0 1 0 1 0 1 0 0 1 1 0 1 1 0 0 1 0 1 0 0 1 1 0 0 1 1 0 1 0 1 1 0 0 1 0 1 0 1 1 0 0 1 1 0 1 1 0 1 1 0 1 1 0 1 0 1 0 1 0 1 0 1 0 1 0 1 1 0 0 1 1 0 1 0 0 1 0 
0 1 1 0 1 0 1 0 0 1 0 0 1 1 0 0 1 1 0 1 0 1 0 1 0 1 0 1 0 1 1 0 0 1 0 0 1 1 0 0 1 0 1 0 0 1 0 1 0 1 1 0 1 0 1 1 0 0 1 0 1 0 1 1 0 1 1 0 0 1 1 0 1 0 0 1 1 0 1 1 0 1 0 1 1 0 1 0 0 1 0 1 0 1 1 0 1 1 0 1 1 0 0 1 1 0 0 1 0 1 0 1 1 0 0 1 1 0 1 1 0 1 1 0 0 1 0 0 1 0 1 1 0 1 1 0 0 1 1 0 0 1 0 1 0 1 0 1 0 1 0 1 0 0 1 1 0 0 1 0 0 1 0 0 1 0 1 0 0 1 0 1 0 1 0 1 0 1 0 1 0 0 1 1 0 0 1 0 1 0 0 1 
1 0 0 1 1 0 1 0 1 0 1 0 1 0 1 0 1 0 1 1 0 1 1 0 1 1 0 0 1 0 0 1 1 0 1 0 1 0 1 1 0 0 1 0 1 0 1 0 1 0 0 1 0 0 1 0 0 1 0 1 0 1 0 0 1 0 1 0 1 1 0 1 0 1 0 1 0 1 0 0 1 0 1 0 1 0 0 1 1 0 1 0 1 0 1 0 1 0 1 0 0 1 1 0 0 1 1 0 1 0 1 0 0 1 1 0 0 1 0 1 0 1 0 1 1 0 1 0 0 1 0 1 0 0 1 0 1 0 1 0 1 1 0 1 1 0 1 0 1 0 0 1 0 1 0 0 1 1 0 1 0 1 0 1 1 0 0 1 1 0 1 1 0 1 1 0 1 0 1 0 0 1 0 1 0 1 0 1 0 1 1 0 
1 0 1 0 0 1 0 1 0 1 0 1 0 1 0 1 0 0 1 0 1 0 1 0 1 0 1 1 0 1 0 0 1 0 1 1 0 0 1 1 0 1 0 1 1 0 1 0 1 0 1 0 1 1 0 1 1 0 0 1 1 0 1 1 0 1 0 1 1 0 0 1 0 1 1 0 1 1 0 0 1 0 1 1 0 1 1 0 0 1 0 1 0 1 0 1 0 1 1 0 0 1 1 0 1 0 0 1 0 1 0 0 1 0 1 1 0 0 1 0 1 0 0 1 0 1 0 1 1 0 1 0 1 0 0 1 0 1 0 1 0 0 1 0 0 1 0 0 1 0 1 0 1 0 1 0 1 0 0 1 1 0 1 0 0 1 1 0 0 1 0 0 1 0 0 1 0 1 0 1 1 0 1 0 1 1 0 0 1 0 1 1 
0 1 0 1 1 0 1 0 1 1 0 0 1 0 0 1 0 1 0 0 1 0 0 1 0 1 0 1 0 1 1 0 0 1 0 0 1 1 0 0 1 0 1 1 0 1 0 1 0 1 1 0 0 1 0 1 0 0 1 0 0 1 1 0 1 0 1 1 0 1 1 0 1 0 0 1 0 0 1 1 0 1 0 1 0 1 0 1 1 0 1 0 1 0 1 0 1 0 0 1 1 0 0 1 0 0 1 0 0 1 0 1 0 1 0 0 1 1 0 1 0 0 1 0 1 0 1 1 0 1 0 1 0 1 1 0 0 1 1 0 1 1 0 1 1 0 1 1 0 1 0 1 0 1 0 1 0 1 1 0 0 1 0 0 1 1 0 0 1 0 1 1 0 0 1 0 1 1 0 1 1 0 1 0 1 0 1 1 0 1 0 0 
1 0 0 1 0 1 0 1 0 0 1 1 0 1 1 0 1 0 1 1 0 1 1 0 1 1 0 0 1 0 0 1 1 0 1 0 0 1 0 1 0 1 1 0 0 1 1 0 1 0 0 1 1 0 1 0 1 1 0 1 1 0 0 1 1 0 1 0 1 0 0 1 0 0 1 0 1 1 0 0 1 0 1 0 1 0 1 0 1 0 0 1 0 0 1 0 0 1 0 1 0 0 1 1 0 1 0 1 1 0 1 0 1 0 0 1 1 0 0 1 0 1 0 1 0 1 0 0 1 0 1 1 0 1 0 1 1 0 1 0 1 0 1 0 0 1 0 0 1 0 1 0 1 0 1 1 0 1 0 1 1 0 1 1 0 0 1 1 0 1 0 0 1 1 0 1 0 0 1 0 0 1 0 1 0 1 0 1 1 0 0 1 
1 0 1 0 1 0 1 1 0 0 1 0 1 0 0 1 0 1 0 0 1 1 0 1 1 0 1 0 1 0 0 1 0 1 0 1 1 0 1 0 1 0 0 1 1 0 0 1 0 1 0 0 1 0 1 1 0 1 0 1 1 0 0 1 0 1 0 1 0 1 1 0 0 1 0 1 1 0 0 1 1 0 1 0 1 0 1 1 0 1 1 0 0 1 0 1 1 0 1 0 1 1 0 0 1 1 0 0 1 1 0 1 0 0 1 1 0 0 1 0 1 0 1 0 1 0 0 1 0 1 0 0 1 0 1 0 1 0 0 1 0 1 0 1 0 1 0 1 0 1 1 0 0 1 1 0 1 0 1 0 0 1 0 0 1 1 0 1 1 0 1 0 1 1 0 0 1 1 0 1 0 1 0 1 0 0 1 0 1 0 1 0 
0 1 1 0 0 1 0 0 1 1 0 1 0 1 0 0 1 0 1 1 0 0 1 0 0 1 0 1 0 1 1 0 1 0 1 0 0 1 0 0 1 1 0 0 1 0 1 0 1 0 1 1 0 1 0 0 1 0 1 0 0 1 1 0 1 1 0 1 0 1 0 0 1 1 0 1 0 1 1 0 0 1 0 1 0 1 0 1 1 0 0 1 1 0 0 1 0 1 0 1 0 0 1 1 0 0 1 0 0 1 0 1 0 1 1 0 0 1 1 0 1 1 0 0 1 0 1 0 0 1 1 0 1 0 1 1 0 1 0 0 1 1 0 1 1 0 1 0 1 1 0 1 1 0 0 1 1 0 0 1 0 1 1 0 1 0 1 0 0 1 0 1 0 0 1 0 0 1 1 0 1 0 1 0 1 1 0 1 0 1 0 1 
0 1 0 1 1 0 0 1 0 1 0 1 0 0 1 0 1 0 1 0 1 0 0 1 0 1 1 0 1 0 1 0 0 1 0 1 1 0 1 1 0 1 1 0 0 1 0 1 0 1 0 0 1 1 0 0 1 0 1 0 1 0 0 1 1 0 1 0 1 0 1 1 0 0 1 0 0 1 0 0 1 1 0 1 1 0 1 0 1 0 1 0 0 1 1 0 1 1 0 0 1 1 0 0 1 0 0 1 1 0 1 0 1 0 0 1 1 0 0 1 0 1 0 1 0 1 0 1 1 0 0 1 0 1 0 1 1 0 1 1 0 0 1 0 0 1 0 1 1 0 1 0 1 1 0 1 0 1 1 0 1 0 0 1 0 1 0 1 0 1 1 0 1 1 0 1 1 0 1 0 1 0 0 1 0 1 0 0 1 1 0 0 
1 0 0 1 0 0 1 0 1 0 1 0 1 0 1 1 0 1 0 1 0 1 0 0 1 0 0 1 0 1 0 1 0 1 1 0 1 0 1 0 1 0 0 1 0 1 0 1 0 0 1 1 0 0 1 1 0 1 0 1 0 1 1 0 0 1 0 1 0 1 0 1 0 1 1 0 1 0 1 1 0 0 1 0 0 1 0 1 0 1 0 1 0 1 0 0 1 0 1 0 1 1 0 1 0 1 0 1 0 0 1 1 0 0 1 1 0 1 0 1 0 0 1 1 0 0 1 0 0 1 1 0 1 1 0 0 1 0 1 0 1 0 1 1 0 0 1 1 0 1 0 1 0 1 1 0 1 1 0 0 1 0 1 1 0 0 1 0 1 0 1 0 1 0 1 0 1 1 0 1 0 1 1 0 1 0 1 1 0 0 1 0 
0 1 1 0 1 1 0 1 0 1 1 0 0 1 0 0 1 1 0 1 0 0 1 1 0 1 1 0 1 1 0 0 1 0 0 1 0 1 0 1 0 0 1 0 1 0 1 0 1 1 0 0 1 0 0 1 1 0 0 1 1 0 0 1 1 0 0 1 1 0 1 0 1 0 0 1 0 1 0 1 0 1 0 1 0 1 1 0 0 1 0 0 1 0 1 1 0 1 0 1 0 0 1 0 1 0 1 0 1 1 0 0 1 1 0 0 1 0 1 0 1 1 0 0 1 0 0 1 0 1 0 0 1 0 1 1 0 1 0 1 0 1 0 1 1 0 1 0 1 1 0 0 1 0 0 1 0 0 1 1 0 1 0 0 1 1 0 1 0 1 0 1 0 1 1 0 0 1 0 1 0 1 1 0 1 0 1 0 1 1 0 1 
1 0 1 1 0 0 1 0 1 1 0 1 0 1 0 1 0 0 1 0 1 0 1 1 0 1 1 0 1 0 1 0 0 1 0 1 0 1 1 0 0 1 0 1 1 0 1 1 0 1 1 0 0 1 1 0 0 1 1 0 1 1 0 1 0 0 1 0 0 1 1 0 0 1 1 0 1 0 1 0 1 0 0 1 1 0 0 1 1 0 1 1 0 0 1 0 0 1 1 0 1 0 1 0 0 1 0 0 1 0 1 1 0 0 1 0 1 1 0 1 0 0 1 1 0 1 0 0 1 0 1 1 0 1 1 0 1 1 0 1 0 0 1 0 0 1 0 1 0 0 1 1 0 0 1 1 0 1 1 0 0 1 0 0 1 0 0 1 0 1 0 1 1 0 0 1 0 0 1 0 1 0 0 1 0 1 0 1 1 0 0 1 
1 1 0 0 1 1 0 1 1 0 0 1 1 0 1 0 1 1 0 1 0 1 0 0 1 0 0 1 0 1 0 1 0 0 1 0 1 0 1 0 1 0 0 1 0 1 0 0 1 0 0 1 1 0 0 1 0 0 1 0 0 1 1 0 0 1 1 0 0 1 0 1 1 0 1 1 0 1 1 0 0 1 1 0 0 1 0 0 1 0 1 0 1 1 0 0 1 0 0 1 0 1 0 1 1 0 1 1 0 1 0 0 1 1 0 1 0 0 1 0 1 1 0 0 1 0 1 1 0 1 1 0 0 1 0 1 1 0 1 0 1 1 0 1 1 0 1 1 0 0 1 1 0 1 0 0 1 0 0 1 1 0 1 1 0 1 1 0 1 0 1 0 0 1 0 0 1 0 0 1 1 0 1 1 0 0 1 0 0 1 1 0 
0 0 1 1 0 0 1 1 0 1 1 0 1 1 0 1 0 1 1 0 1 0 1 0 1 0 0 1 1 0 0 1 1 0 1 0 1 0 0 1 1 0 1 0 1 0 1 0 0 1 1 0 0 1 1 0 1 1 0 1 0 0 1 0 1 0 0 1 1 0 1 0 0 1 0 0 1 0 0 1 1 0 0 1 0 1 1 0 0 1 0 1 1 0 0 1 0 1 1 0 1 0 0 1 0 1 0 1 0 0 1 1 0 1 1 0 1 0 1 1 0 0 1 0 1 0 1 0 1 0 0 1 1 0 1 0 0 1 0 0 1 1 0 0 1 1 0 0 1 1 0 0 1 1 0 0 1 1 0 1 1 0 0 1 1 0 1 0 0 1 0 1 1 0 1 0 1 1 0 1 0 1 0 0 1 1 0 0 1 0 1 0 
1 0 1 0 1 1 0 0 1 0 0 1 0 1 1 0 1 0 0 1 0 1 0 1 0 1 1 0 0 1 1 0 0 1 0 1 0 1 1 0 0 1 1 0 1 0 0 1 0 0 1 0 0 1 0 0 1 1 0 0 1 1 0 1 0 1 1 0 1 1 0 1 1 0 0 1 0 1 0 1 0 1 0 0 1 0 0 1 0 1 0 1 0 1 1 0 1 0 1 1 0 0 1 0 1 0 1 0 1 1 0 0 1 0 1 0 1 1 0 0 1 0 1 1 0 1 0 1 0 1 0 1 0 0 1 1 0 0 1 1 0 0 1 1 0 1 0 1 0 0 1 0 1 0 1 1 0 0 1 0 0 1 1 0 0 1 0 1 0 0 1 0 1 0 1 1 0 1 1 0 1 0 1 1 0 0 1 1 0 1 0 1 
1 1 0 1 0 0 1 0 1 0 1 0 1 0 1 0 0 1 1 0 0 1 1 0 0 1 1 0 0 1 1 0 0 1 0 0 1 1 0 1 0 1 0 1 0 1 1 0 1 0 0 1 1 0 1 1 0 0 1 1 0 1 1 0 1 0 1 1 0 1 0 0 1 0 1 0 1 0 1 0 1 0 1 0 0 1 1 0 1 0 1 0 1 1 0 0 1 1 0 0 1 1 0 0 1 1 0 1 1 0 1 1 0 1 0 1 0 1 0 1 0 1 0 0 1 0 0 1 0 0 1 0 1 1 0 0 1 1 0 0 1 1 0 0 1 0 1 0 1 1 0 1 0 0 1 0 1 1 0 1 0 1 1 0 0 1 0 0 1 0 0 1 0 1 0 1 0 0 1 0 1 0 1 1 0 1 0 1 0 1 0 0 
0 1 0 1 1 0 0 1 0 1 0 0 1 1 0 1 0 1 0 1 1 0 0 1 1 0 0 1 1 0 0 1 1 0 1 0 1 0 0 1 1 0 0 1 0 1 0 1 0 1 0 1 0 0 1 0 0 1 1 0 1 0 1 0 0 1 0 0 1 0 1 1 0 1 1 0 1 0 1 0 0 1 0 1 1 0 1 0 1 1 0 1 0 0 1 1 0 1 0 1 0 0 1 1 0 0 1 1 0 1 0 0 1 0 1 1 0 0 1 0 0 1 0 1 1 0 1 0 1 1 0 1 0 1 1 0 0 1 1 0 1 0 0 1 0 1 0 1 0 0 1 0 1 1 0 1 0 0 1 0 1 0 0 1 1 0 1 1 0 1 1 0 1 1 0 0 1 0 0 1 0 1 0 0 1 0 1 0 1 0 1 1 
1 0 1 0 1 1 0 0 1 0 1 1 0 0 1 0 1 0 1 1 0 1 0 1 0 1 1 0 0 1 0 1 0 0 1 1 0 1 1 0 0 1 1 0 1 0 0 1 1 0 1 0 1 1 0 1 1 0 0 1 0 1 0 1 0 0 1 1 0 0 1 0 1 0 0 1 0 1 0 1 1 0 0 1 1 0 0 1 0 0 1 0 1 1 0 1 0 0 1 0 1 1 0 0 1 1 0 0 1 1 0 1 0 0 1 0 1 1 0 1 1 0 1 0 0 1 1 0 0 1 1 0 1 0 0 1 0 0 1 1 0 1 1 0 1 0 1 0 1 0 0 1 0 0 1 0 0 1 0 1 0 0 1 0 0 1 0 0 1 1 0 1 0 0 1 1 0 1 1 0 1 0 1 1 0 1 1 0 0 1 1 0 
0 0 1 1 0 0 1 1 0 0 1 1 0 1 0 1 0 1 0 0 1 0 1 0 1 0 0 1 1 0 1 0 0 1 0 1 0 1 0 1 0 1 1 0 0 1 1 0 0 1 0 1 1 0 0 1 0 1 1 0 1 0 1 0 1 0 1 0 1 1 0 0 1 1 0 1 1 0 0 1 1 0 1 0 0 1 0 1 0 0 1 0 1 1 0 0 1 0 0 1 0 0 1 0 0 1 1 0 1 0 1 0 1 1 0 1 1 0 1 0 0 1 1 0 1 0 0 1 1 0 0 1 0 1 1 0 1 1 0 1 0 1 1 0 0 1 1 0 0 1 0 0 1 0 1 0 1 0 1 0 1 1 0 1 0 0 1 1 0 0 1 0 1 1 0 0 1 1 0 1 0 1 1 0 1 0 0 1 1 0 0 1 
0 1 0 1 1 0 1 0 0 1 0 0 1 0 1 0 1 0 1 0 0 1 1 0 0 1 1 0 0 1 0 0 1 1 0 0 1 0 1 0 1 0 0 1 1 0 1 1 0 1 1 0 0 1 1 0 1 0 0 1 0 1 0 1 0 1 0 1 1 0 0 1 0 1 1 0 1 0 1 0 0 1 0 1 1 0 1 0 1 1 0 1 0 0 1 1 0 1 0 1 1 0 0 1 0 0 1 1 0 1 0 1 0 1 0 1 0 1 0 1 1 0 0 1 0 1 0 1 0 0 1 0 0 1 1 0 1 1 0 0 1 0 0 1 1 0 0 1 0 1 1 0 1 1 0 1 0 0 1 0 1 1 0 0 1 0 0 1 1 0 1 0 1 0 1 1 0 0 1 1 0 1 0 1 0 1 0 0 1 0 1 1 
1 0 1 0 0 1 0 0 1 0 0 1 0 1 0 1 1 0 0 1 0 1 0 1 1 0 0 1 0 0 1 1 0 0 1 1 0 1 0 1 1 0 1 1 0 1 0 0 1 0 0 1 1 0 0 1 0 1 0 1 1 0 1 0 1 0 0 1 0 0 1 0 1 0 1 0 0 1 0 1 1 0 1 1 0 0 1 1 0 1 1 0 1 0 1 0 0 1 1 0 0 1 1 0 1 1 0 1 1 0 1 1 0 0 1 0 0 1 0 0 1 1 0 1 0 1 1 0 1 1 0 1 1 0 0 1 0 0 1 1 0 1 0 1 0 1 0 0 1 0 0 1 0 1 0 0 1 1 0 1 0 0 1 1 0 1 1 0 1 1 0 1 0 1 0 0 1 0 1 0 1 0 1 1 0 0 1 1 0 1 0 0 
1 1 0 1 1 0 0 1 0 0 1 0 1 0 1 1 0 1 0 1 1 0 0 1 0 0 1 0 1 1 0 1 0 1 1 0 1 0 1 1 0 1 0 0 1 0 1 0 0 1 0 1 0 0 1 0 1 0 1 0 0 1 0 1 1 0 1 0 0 1 0 0 1 1 0 1 1 0 1 0 1 0 1 0 0 1 0 1 1 0 0 1 0 1 0 0 1 0 0 1 1 0 1 0 1 0 1 0 1 0 1 0 1 1 0 1 1 0 1 0 0 1 1 0 1 0 1 1 0 1 0 0 1 0 1 0 1 1 0 0 1 0 1 0 1 0 1 1 0 0 1 1 0 0 1 0 1 0 1 0 1 0 1 0 1 0 0 1 0 1 0 1 0 0 1 0 1 1 0 1 0 1 0 0 1 1 0 0 1 1 0 1 
0 1 0 1 1 0 1 0 0 1 0 1 0 1 0 0 1 0 1 0 1 0 1 0 0 1 0 0 1 1 0 0 1 1 0 1 0 1 1 0 1 0 0 1 0 1 0 1 0 1 1 0 1 1 0 1 0 1 0 0 1 0 1 0 0 1 0 1 1 0 1 1 0 1 1 0 1 0 1 1 0 1 0 1 1 0 1 0 0 1 1 0 1 0 0 1 0 1 0 1 0 1 0 1 0 1 0 1 0 1 0 0 1 0 0 1 0 0 1 1 0 0 1 0 1 1 0 1 1 0 1 1 0 1 0 0 1 1 0 1 0 1 1 0 0 1 0 0 1 1 0 0 1 1 0 1 0 1 0 1 0 1 0 0 1 1 0 0 1 0 1 0 1 1 0 1 0 1 1 0 1 0 0 1 1 0 0 1 0 0 1 0 
1 0 1 0 0 1 1 0 1 0 1 0 0 1 0 1 0 1 0 1 0 1 1 0 1 0 0 1 0 0 1 0 1 0 0 1 1 0 0 1 1 0 1 1 0 0 1 0 1 0 0 1 0 0 1 1 0 0 1 1 0 1 1 0 0 1 1 0 0 1 1 0 1 0 1 0 0 1 0 1 0 1 1 0 0 1 1 0 0 1 0 1 0 0 1 1 0 1 1 0 1 0 0 1 1 0 1 0 1 0 1 1 0 1 1 0 1 1 0 1 1 0 0 1 0 1 1 0 0 1 0 1 0 0 1 1 0 0 1 0 1 0 0 1 0 0 1 0 1 0 1 1 0 1 0 1 1 0 0 1 1 0 0 1 0 0 1 1 0 1 1 0 0 1 1 0 1 0 0 1 0 1 1 0 0 1 1 0 0 1 0 1 
0 1 0 1 0 1 0 1 0 1 1 0 1 0 1 0 1 0 0 1 1 0 0 1 0 1 1 0 1 0 0 1 0 1 1 0 1 1 0 1 0 1 1 0 1 0 1 0 1 0 1 0 0 1 0 0 1 0 0 1 1 0 0 1 1 0 1 1 0 1 0 0 1 1 0 1 0 0 1 0 1 0 1 1 0 1 0 1 1 0 1 0 1 1 0 0 1 0 1 0 0 1 1 0 1 1 0 1 0 1 1 0 0 1 1 0 0 1 0 0 1 1 0 1 1 0 0 1 1 0 1 0 1 0 1 0 1 0 0 1 0 0 1 0 1 0 1 1 0 0 1 0 1 0 1 0 0 1 1 0 1 0 1 1 0 0 1 0 1 0 0 1 0 0 1 1 0 0 1 0 1 0 0 1 1 0 1 0 1 0 0 1 
isOptimal = true
time_taken = 72.2181761264801
